0.097170 0.044643 0.007413 0.127368 0.052120 0.104708 0.134935 0.074606 0.089640 0.052120 0.142510 0.150092 0.052120 0.007413 0.097170 0.089640 0.052120 0.044643 0.119807 0.029720 0.134935 0.172874 0.097170 0.097170 0.119807 0.089640 0.142510 0.014838 
0.014838 0.074606 0.104708 0.074606 0.150092 0.172874 0.044643 0.052120 0.097170 0.127368 0.165274 0.014838 0.000000 0.097170 0.067101 0.104708 0.097170 0.097170 0.104708 0.089640 0.037177 0.059606 0.067101 0.165274 0.059606 0.067101 0.074606 0.142510 
0.112254 0.067101 0.052120 0.052120 0.000000 0.082119 0.112254 0.089640 0.089640 0.082119 0.014838 0.052120 0.112254 0.127368 0.134935 0.142510 0.074606 0.029720 0.067101 0.059606 0.112254 0.052120 0.097170 0.097170 0.052120 0.059606 0.059606 0.059606 
0.037177 0.067101 0.082119 0.074606 0.029720 0.112254 0.044643 0.142510 0.127368 0.082119 0.150092 0.104708 0.022273 0.074606 0.067101 0.052120 0.074606 0.029720 0.059606 0.089640 0.037177 0.142510 0.188093 0.029720 0.044643 0.029720 0.037177 0.067101 
0.037177 0.022273 0.127368 0.067101 0.052120 0.052120 0.059606 0.067101 0.104708 0.134935 0.067101 0.022273 0.057140 0.133082 0.075053 0.136839 0.227204 0.162398 0.177798 0.148063 0.138119 0.111267 0.102695 0.112013 0.120692 0.044643 0.037177 0.022273 
0.127368 0.119807 0.074606 0.044643 0.119807 0.097170 0.127368 0.082119 0.028989 0.158332 0.202295 0.076607 0.153234 0.187272 0.101010 0.104531 0.197542 0.133848 0.114310 0.139919 0.189357 0.229419 0.145702 0.115852 0.158069 0.075819 0.150092 0.142510 
0.104708 0.157679 0.089640 0.119807 0.067101 0.256837 0.097170 0.079626 0.149819 0.082590 0.146418 0.217136 0.159528 0.161354 0.286793 0.126748 0.173684 0.116257 0.171928 0.236172 0.215139 0.193172 0.137409 0.130171 0.197764 0.152789 0.089640 0.119807 
0.188093 0.097170 0.134935 0.029720 0.052120 0.104708 0.155435 0.108013 0.122724 0.117064 0.163607 0.192266 0.211931 0.266170 0.192295 0.213580 0.199383 0.250544 0.204134 0.218681 0.258768 0.149738 0.191938 0.104236 0.067856 0.118659 0.034928 0.074606 
0.127368 0.150092 0.037177 0.052120 0.044643 0.104708 0.106543 0.160052 0.168421 0.195640 0.239846 0.000000 0.154145 0.182413 0.173157 0.187954 0.112965 0.184909 0.112302 0.112514 0.152915 0.235738 0.065094 0.034566 0.108208 0.045719 0.012901 0.127368 
0.074606 0.044643 0.089640 0.089640 0.127368 0.067101 0.000000 0.130268 0.153477 0.123383 0.168643 0.209822 0.159900 0.140776 0.148379 0.161305 0.172530 0.194691 0.098204 0.000000 0.109812 0.099302 0.153504 0.167737 0.111322 0.127368 0.044643 0.119807 
0.044643 0.082119 0.119807 0.059606 0.037177 0.167097 0.119419 0.076487 0.194815 0.194154 0.196600 0.238001 0.138472 0.117578 0.211854 0.183762 0.073330 0.052500 0.076741 0.135386 0.130754 0.102514 0.112422 0.060513 0.143067 0.086626 0.172874 0.000000 
0.000000 0.188093 0.104708 0.067101 0.037177 0.201591 0.134025 0.135045 0.205158 0.160931 0.188949 0.139119 0.119263 0.105869 0.086752 0.088481 0.060106 0.158666 0.052125 0.119807 0.112254 0.119807 0.120793 0.033092 0.072855 0.050669 0.112254 0.029720 
0.097170 0.104708 0.037177 0.150092 0.104708 0.000000 0.049724 0.161936 0.195012 0.194501 0.170436 0.243713 0.170857 0.197584 0.206420 0.160370 0.059322 0.078880 0.101333 0.113962 0.150092 0.059606 0.067101 0.052120 0.089640 0.112254 0.134935 0.082119 
0.000000 0.059606 0.097170 0.119807 0.134935 0.045553 0.164073 0.119310 0.000000 0.168387 0.214430 0.244934 0.209354 0.165933 0.187482 0.245762 0.000000 0.141746 0.119667 0.110463 0.074210 0.112254 0.180481 0.082119 0.052120 0.150092 0.112254 0.044643 
0.127368 0.044643 0.104708 0.089640 0.142510 0.045808 0.076811 0.131905 0.153967 0.118821 0.170449 0.221635 0.240540 0.153714 0.250043 0.211820 0.113116 0.188287 0.179670 0.113078 0.046221 0.079089 0.074606 0.150092 0.067101 0.134935 0.097170 0.127368 
0.089640 0.150092 0.074606 0.007413 0.150092 0.121110 0.023557 0.095625 0.268822 0.192530 0.216785 0.224624 0.121945 0.201576 0.227429 0.131186 0.147028 0.212961 0.172216 0.212465 0.173852 0.140161 0.120944 0.142510 0.134935 0.097170 0.172874 0.059606 
0.044643 0.089640 0.112254 0.067101 0.127368 0.037893 0.106009 0.050342 0.000000 0.098550 0.000000 0.179682 0.093090 0.125382 0.143985 0.132654 0.174455 0.154436 0.174126 0.121779 0.133877 0.135137 0.011719 0.061540 0.127368 0.150092 0.127368 0.119807 
0.112254 0.089640 0.000000 0.052120 0.000000 0.067101 0.022471 0.055972 0.103014 0.203562 0.132850 0.056001 0.130433 0.196645 0.067680 0.093381 0.145432 0.157690 0.000000 0.219195 0.047339 0.160995 0.000000 0.056084 0.044643 0.089640 0.172874 0.067101 
0.104708 0.089640 0.165274 0.067101 0.089640 0.112254 0.104708 0.073695 0.072901 0.207318 0.136904 0.101508 0.136612 0.112324 0.095728 0.105515 0.103716 0.161715 0.239081 0.196566 0.154203 0.127020 0.104879 0.000000 0.150092 0.067101 0.127368 0.082119 
0.089640 0.104708 0.157679 0.097170 0.097170 0.067101 0.093300 0.137042 0.170375 0.173273 0.095609 0.087016 0.146593 0.165309 0.110168 0.074598 0.079723 0.266007 0.122544 0.144790 0.177881 0.132187 0.065455 0.093361 0.074606 0.052120 0.104708 0.165274 
0.059606 0.119807 0.104708 0.059606 0.074606 0.067784 0.124920 0.127761 0.110424 0.152068 0.083289 0.067917 0.112547 0.127757 0.108332 0.125109 0.202843 0.133794 0.129638 0.068924 0.099384 0.116276 0.146390 0.089838 0.127368 0.052120 0.104708 0.195711 
0.044643 0.067101 0.014838 0.097170 0.082119 0.090325 0.110297 0.120747 0.258230 0.225274 0.294692 0.116196 0.069856 0.127016 0.250712 0.146288 0.215150 0.252736 0.169376 0.161182 0.115686 0.050306 0.143650 0.119807 0.082119 0.165274 0.000000 0.007413 
0.074606 0.097170 0.097170 0.180481 0.014838 0.097170 0.079680 0.000000 0.193599 0.000000 0.272637 0.257617 0.227773 0.261155 0.000000 0.219909 0.258065 0.175925 0.095256 0.092042 0.109042 0.059896 0.104708 0.000000 0.082119 0.112254 0.074606 0.067101 
0.104708 0.142510 0.097170 0.037177 0.112254 0.104708 0.135131 0.166142 0.094383 0.202460 0.175581 0.243019 0.275263 0.175812 0.202965 0.207435 0.139496 0.084523 0.050006 0.077314 0.076993 0.150092 0.134935 0.089640 0.022273 0.000000 0.165274 0.165274 
0.180481 0.059606 0.082119 0.082119 0.119807 0.097170 0.022273 0.077034 0.051957 0.128012 0.138989 0.184415 0.129482 0.178587 0.198141 0.157276 0.100431 0.074394 0.050395 0.060781 0.142510 0.134935 0.044643 0.127368 0.119807 0.000000 0.104708 0.134935 
0.157679 0.127368 0.134935 0.104708 0.112254 0.104708 0.165274 0.150773 0.064581 0.143245 0.065625 0.121194 0.163523 0.098651 0.127368 0.074606 0.165274 0.150092 0.127368 0.157679 0.127368 0.157679 0.134935 0.029720 0.082119 0.067101 0.119807 0.104708 
0.157679 0.097170 0.044643 0.097170 0.097170 0.000000 0.089640 0.044643 0.134935 0.082119 0.165274 0.112254 0.127368 0.074606 0.127368 0.104708 0.044643 0.142510 0.029720 0.052120 0.052120 0.059606 0.210962 0.112254 0.089640 0.089640 0.142510 0.089640 
0.134935 0.119807 0.014838 0.104708 0.052120 0.119807 0.074606 0.074606 0.052120 0.067101 0.127368 0.097170 0.134935 0.052120 0.059606 0.059606 0.037177 0.104708 0.044643 0.142510 0.037177 0.074606 0.089640 0.000000 0.082119 0.059606 0.104708 0.052120 
