0.063267 0.028002 0.004520 0.084613 0.032871 0.068525 0.090080 0.047820 0.058064 0.032871 0.095597 0.101164 0.032871 0.004520 0.063267 0.058064 0.032871 0.028002 0.079198 0.018434 0.090080 0.118160 0.063267 0.063267 0.079198 0.058064 0.095597 0.009100 
0.009100 0.047820 0.068525 0.047820 0.101164 0.118160 0.028002 0.032871 0.063267 0.084613 0.112446 0.009100 0.000000 0.063267 0.042781 0.068525 0.063267 0.063267 0.068525 0.058064 0.023189 0.037798 0.042781 0.112446 0.037798 0.042781 0.047820 0.095597 
0.073836 0.042781 0.032871 0.032871 0.000000 0.052914 0.073836 0.058064 0.058064 0.052914 0.009100 0.032871 0.073836 0.084613 0.090080 0.095597 0.047820 0.018434 0.042781 0.037798 0.073836 0.032871 0.063267 0.063267 0.032871 0.037798 0.037798 0.037798 
0.023189 0.042781 0.052914 0.047820 0.018434 0.073836 0.028002 0.095597 0.084613 0.052914 0.101164 0.068525 0.013738 0.047820 0.042781 0.033229 0.054948 0.021195 0.037798 0.058064 0.023189 0.095597 0.129727 0.018434 0.028002 0.018434 0.023189 0.042781 
0.023189 0.013738 0.084613 0.042781 0.032871 0.032871 0.037798 0.042781 0.068525 0.090942 0.046026 0.027727 0.075664 0.141702 0.098339 0.158215 0.237538 0.167359 0.155783 0.106408 0.106875 0.083834 0.067452 0.073666 0.079830 0.028002 0.023189 0.013738 
0.084613 0.079198 0.047820 0.028002 0.079198 0.063267 0.084613 0.057649 0.028729 0.147949 0.205525 0.145853 0.233431 0.313755 0.286642 0.334929 0.438739 0.373004 0.349351 0.293134 0.277771 0.280269 0.176524 0.138748 0.134142 0.065524 0.110079 0.095597 
0.068525 0.106781 0.058064 0.079198 0.042781 0.183974 0.069355 0.084844 0.169242 0.180866 0.286898 0.449561 0.475018 0.506783 0.645141 0.565242 0.601781 0.531772 0.563615 0.519587 0.464060 0.401879 0.292516 0.234426 0.228099 0.155635 0.090573 0.079198 
0.129727 0.063267 0.090080 0.018434 0.032871 0.068525 0.133858 0.169188 0.250648 0.329813 0.478139 0.556199 0.640468 0.706143 0.624708 0.578377 0.589858 0.635542 0.580941 0.548408 0.529679 0.385332 0.362771 0.201038 0.084437 0.108504 0.030729 0.047820 
0.084613 0.101164 0.023189 0.032871 0.028002 0.084357 0.120146 0.251736 0.348825 0.459838 0.584554 0.000000 0.546166 0.516758 0.451003 0.417040 0.367870 0.407888 0.325215 0.286803 0.260820 0.298184 0.122431 0.065405 0.094292 0.035860 0.007900 0.084613 
0.047820 0.028002 0.058064 0.058064 0.084613 0.061473 0.000000 0.227105 0.337706 0.411450 0.526344 0.519236 0.469026 0.388015 0.329278 0.321509 0.297698 0.287102 0.210854 0.000000 0.163283 0.116883 0.160431 0.170273 0.112968 0.119489 0.035390 0.083136 
0.028002 0.052914 0.079198 0.037798 0.023189 0.119553 0.145603 0.180963 0.413966 0.543150 0.559878 0.524490 0.397281 0.304576 0.361520 0.302669 0.194236 0.166395 0.144995 0.181340 0.164957 0.130972 0.120442 0.070777 0.120844 0.076824 0.134783 0.000000 
0.000000 0.129727 0.068525 0.042781 0.023189 0.140127 0.132212 0.242692 0.457966 0.572254 0.648911 0.541378 0.446409 0.395658 0.342341 0.298590 0.198901 0.248833 0.122636 0.142553 0.121507 0.111229 0.096777 0.025508 0.046686 0.031969 0.073836 0.018434 
0.063267 0.068525 0.023189 0.101164 0.068525 0.000000 0.066344 0.256964 0.476752 0.653265 0.693842 0.662544 0.475713 0.502240 0.477573 0.415611 0.265589 0.188297 0.165192 0.135677 0.138126 0.076882 0.070072 0.040982 0.058064 0.073836 0.090080 0.052914 
0.000000 0.037798 0.063267 0.079198 0.090080 0.043853 0.162318 0.219387 0.000000 0.548469 0.638469 0.617789 0.555480 0.501196 0.517293 0.556346 0.000000 0.335734 0.229828 0.185104 0.102898 0.110740 0.155598 0.066969 0.037124 0.101164 0.073836 0.028002 
0.084613 0.028002 0.068525 0.058064 0.095597 0.045524 0.092470 0.199644 0.346248 0.399047 0.482648 0.527262 0.501953 0.406196 0.491412 0.438574 0.387660 0.431420 0.312449 0.239153 0.130872 0.119999 0.080830 0.116130 0.048814 0.090080 0.063267 0.084613 
0.058064 0.101164 0.047820 0.004520 0.101164 0.083669 0.045745 0.102867 0.319876 0.320576 0.399574 0.412467 0.308004 0.364410 0.397188 0.307643 0.352309 0.471070 0.399969 0.357022 0.239969 0.176091 0.134787 0.113586 0.096528 0.063267 0.118160 0.037798 
0.028002 0.058064 0.073836 0.042781 0.084613 0.025662 0.072470 0.032541 0.000000 0.139766 0.000000 0.255248 0.189256 0.240013 0.297624 0.307063 0.378413 0.434550 0.500265 0.330592 0.216658 0.173287 0.057388 0.061165 0.088678 0.101164 0.084613 0.079198 
0.073836 0.058064 0.000000 0.032871 0.000000 0.043968 0.015989 0.036572 0.077091 0.150127 0.130575 0.102002 0.151120 0.217562 0.184793 0.237565 0.329378 0.461049 0.000000 0.451060 0.205190 0.202494 0.000000 0.052238 0.030076 0.058064 0.118160 0.042781 
0.068525 0.058064 0.112446 0.042781 0.058064 0.089641 0.095256 0.091309 0.139503 0.194238 0.132800 0.105830 0.145061 0.129911 0.132280 0.193435 0.279838 0.441721 0.567161 0.450700 0.337256 0.206077 0.115097 0.000000 0.103498 0.042781 0.084613 0.052914 
0.058064 0.068525 0.106781 0.063267 0.076792 0.075645 0.093427 0.178046 0.277576 0.240437 0.132608 0.110499 0.154194 0.180042 0.153114 0.155259 0.240125 0.533627 0.478624 0.392301 0.342423 0.186118 0.083242 0.072249 0.049796 0.032871 0.068525 0.112446 
0.037798 0.079198 0.068525 0.037798 0.066637 0.068035 0.133061 0.226799 0.304346 0.346926 0.217403 0.152526 0.170484 0.209382 0.193828 0.248474 0.427323 0.448510 0.485230 0.334459 0.255920 0.150092 0.130409 0.068586 0.084613 0.032871 0.068525 0.135581 
0.028002 0.042781 0.009100 0.063267 0.066983 0.080102 0.136985 0.193507 0.431756 0.480982 0.548966 0.302226 0.244933 0.290289 0.417352 0.422330 0.586338 0.649698 0.534362 0.403917 0.199793 0.057710 0.115081 0.085185 0.052914 0.112446 0.000000 0.004520 
0.047820 0.063267 0.063267 0.123920 0.010331 0.072957 0.088426 0.000000 0.330007 0.000000 0.653207 0.674884 0.635773 0.663611 0.000000 0.687160 0.698327 0.557078 0.402937 0.240000 0.116387 0.051852 0.082923 0.000000 0.052914 0.073836 0.047820 0.042781 
0.068525 0.095597 0.063267 0.023189 0.073836 0.073622 0.126262 0.194479 0.203539 0.418406 0.538212 0.659432 0.730812 0.662135 0.692053 0.656077 0.513142 0.332260 0.179898 0.106621 0.066770 0.117165 0.101675 0.058064 0.013738 0.000000 0.112446 0.112446 
0.123920 0.037798 0.052914 0.052914 0.079198 0.063852 0.034282 0.080380 0.114819 0.202663 0.288131 0.400897 0.389563 0.408756 0.404377 0.317165 0.237555 0.131516 0.076086 0.051098 0.105397 0.094009 0.028967 0.084613 0.079198 0.000000 0.068525 0.090080 
0.106781 0.084613 0.090080 0.068525 0.073836 0.068525 0.113227 0.105057 0.055366 0.120240 0.096618 0.152970 0.204152 0.157780 0.165129 0.108178 0.145721 0.120945 0.087311 0.106781 0.084613 0.106781 0.090080 0.018434 0.052914 0.042781 0.079198 0.068525 
0.106781 0.063267 0.028002 0.063267 0.063267 0.000000 0.058064 0.028002 0.090080 0.053254 0.113536 0.074925 0.092752 0.066533 0.099702 0.071663 0.028002 0.095597 0.018434 0.032871 0.032871 0.037798 0.147422 0.073836 0.058064 0.058064 0.095597 0.058064 
0.090080 0.079198 0.009100 0.068525 0.032871 0.079198 0.047820 0.047820 0.032871 0.042781 0.084613 0.063267 0.090080 0.032871 0.037798 0.037798 0.023189 0.068525 0.028002 0.095597 0.023189 0.047820 0.058064 0.000000 0.052914 0.037798 0.068525 0.032871 
