0.057187 0.025139 0.004038 0.076778 0.029539 0.062000 0.081817 0.043099 0.052433 0.029539 0.086911 0.092060 0.029539 0.004038 0.057187 0.052433 0.029539 0.025139 0.071796 0.016517 0.081817 0.107831 0.057187 0.057187 0.071796 0.052433 0.086911 0.008137 
0.008137 0.043099 0.062000 0.043099 0.092060 0.107831 0.025139 0.029539 0.057187 0.076778 0.102521 0.008137 0.000000 0.057187 0.038520 0.062000 0.057187 0.057187 0.062000 0.052433 0.020798 0.034000 0.038520 0.102521 0.034000 0.038520 0.043099 0.086911 
0.066869 0.038520 0.029539 0.029539 0.000000 0.047737 0.066869 0.052433 0.052433 0.047737 0.008137 0.029539 0.066869 0.076778 0.081817 0.086911 0.043099 0.016517 0.038520 0.034000 0.066869 0.029539 0.057187 0.057187 0.029539 0.034000 0.034000 0.034000 
0.020798 0.038520 0.047737 0.043099 0.016517 0.066869 0.025139 0.086911 0.076778 0.047737 0.092060 0.062000 0.012297 0.043099 0.038520 0.029863 0.049590 0.019001 0.034000 0.052433 0.020798 0.086911 0.118608 0.016517 0.025139 0.016517 0.020798 0.038520 
0.020798 0.012297 0.076778 0.038520 0.029539 0.029539 0.034000 0.038520 0.062000 0.082613 0.047253 0.031128 0.082504 0.156911 0.118154 0.178177 0.275735 0.201951 0.166170 0.106825 0.097351 0.076060 0.061017 0.066714 0.072376 0.025139 0.020798 0.012297 
0.076778 0.071796 0.043099 0.025139 0.071796 0.057187 0.076778 0.052054 0.025796 0.147117 0.222149 0.162250 0.254324 0.353536 0.341407 0.393601 0.488407 0.412878 0.353892 0.275475 0.259106 0.261498 0.162555 0.127056 0.122750 0.059272 0.100343 0.086911 
0.062000 0.097263 0.052433 0.071796 0.038520 0.169574 0.062761 0.076997 0.155679 0.199413 0.319401 0.480140 0.537406 0.578418 0.715295 0.622441 0.645370 0.575986 0.586640 0.505033 0.444180 0.383010 0.274749 0.218996 0.213123 0.144486 0.083891 0.071796 
0.118608 0.057187 0.081817 0.016517 0.029539 0.062000 0.122502 0.155860 0.236291 0.335351 0.491601 0.610984 0.719268 0.785067 0.690780 0.612065 0.626629 0.676435 0.600849 0.546584 0.520699 0.379815 0.356176 0.202352 0.091524 0.105405 0.029043 0.043099 
0.076778 0.092060 0.020798 0.029539 0.025139 0.076559 0.109749 0.236058 0.345182 0.478066 0.639186 0.000000 0.646702 0.586506 0.502818 0.442495 0.383606 0.408540 0.327466 0.290584 0.263936 0.298567 0.127576 0.072007 0.089740 0.032551 0.007295 0.076778 
0.043099 0.025139 0.052433 0.052433 0.076778 0.055567 0.000000 0.214667 0.341877 0.444610 0.594384 0.611524 0.562968 0.464172 0.369785 0.332662 0.309954 0.298382 0.224618 0.000000 0.170244 0.122466 0.160376 0.168460 0.107960 0.114029 0.036680 0.078195 
0.025139 0.047737 0.071796 0.034000 0.020798 0.109133 0.133714 0.192543 0.426247 0.589193 0.644159 0.623761 0.498528 0.385272 0.397867 0.328899 0.207700 0.170586 0.147005 0.177980 0.161400 0.129478 0.119622 0.073865 0.119998 0.078992 0.128475 0.000000 
0.000000 0.118608 0.062000 0.038520 0.020798 0.128326 0.126604 0.254470 0.469324 0.623019 0.745759 0.643150 0.539977 0.457119 0.395353 0.329729 0.216431 0.260567 0.140751 0.147806 0.117301 0.102403 0.088002 0.022889 0.042067 0.028723 0.066869 0.016517 
0.057187 0.062000 0.020798 0.092060 0.062000 0.000000 0.074896 0.267344 0.488635 0.705345 0.776867 0.748630 0.529079 0.536816 0.505931 0.463959 0.307515 0.220295 0.179888 0.151921 0.154064 0.088180 0.063925 0.036887 0.052433 0.066869 0.081817 0.047737 
0.000000 0.034000 0.057187 0.071796 0.081817 0.039674 0.154451 0.228802 0.000000 0.555829 0.674369 0.677249 0.606697 0.545842 0.561180 0.590481 0.000000 0.367503 0.264307 0.197488 0.121388 0.128492 0.161514 0.061581 0.033389 0.092060 0.066869 0.025139 
0.076778 0.025139 0.062000 0.052433 0.086911 0.041204 0.084396 0.184794 0.332295 0.391561 0.483130 0.546108 0.547713 0.451772 0.535613 0.481944 0.431408 0.474292 0.358353 0.260545 0.142784 0.138448 0.100703 0.118158 0.044003 0.081817 0.057187 0.076778 
0.052433 0.092060 0.043099 0.004038 0.092060 0.075951 0.041581 0.093868 0.304370 0.314552 0.390435 0.400783 0.309739 0.361626 0.413710 0.338052 0.383812 0.503427 0.442153 0.402034 0.244526 0.187555 0.151070 0.123660 0.087772 0.057187 0.107831 0.034000 
0.025139 0.052433 0.066869 0.038520 0.076778 0.023051 0.065653 0.029241 0.000000 0.139715 0.000000 0.247399 0.195076 0.241058 0.281039 0.293410 0.371913 0.456619 0.542881 0.376637 0.243387 0.169093 0.078785 0.078631 0.083456 0.092060 0.076778 0.071796 
0.066869 0.052433 0.000000 0.029539 0.000000 0.039597 0.014320 0.040625 0.073816 0.140514 0.131267 0.106140 0.155818 0.221360 0.176052 0.224671 0.346915 0.502539 0.000000 0.494501 0.230072 0.192853 0.000000 0.074376 0.031855 0.052433 0.107831 0.038520 
0.062000 0.052433 0.102521 0.038520 0.052433 0.081412 0.103679 0.109435 0.145047 0.179295 0.125160 0.121328 0.153485 0.151341 0.149415 0.223466 0.327629 0.486702 0.609949 0.481480 0.338882 0.204434 0.132649 0.000000 0.099116 0.038520 0.076778 0.047737 
0.052433 0.062000 0.097263 0.057187 0.069585 0.073408 0.111813 0.185712 0.260447 0.223635 0.144271 0.135363 0.176552 0.228427 0.225854 0.210458 0.289332 0.577229 0.510312 0.405428 0.330439 0.197066 0.102925 0.084392 0.045402 0.029539 0.062000 0.102521 
0.034000 0.071796 0.062000 0.034000 0.060271 0.074653 0.149258 0.240102 0.295037 0.330402 0.231415 0.175927 0.207434 0.278982 0.277083 0.307240 0.470615 0.480151 0.497695 0.320126 0.254825 0.165427 0.144246 0.065980 0.076778 0.029539 0.062000 0.124075 
0.025139 0.038520 0.008137 0.057187 0.060588 0.089176 0.152935 0.215798 0.437771 0.497626 0.584005 0.346693 0.295356 0.357173 0.494949 0.471259 0.608599 0.655647 0.512443 0.395334 0.210454 0.079428 0.124546 0.077304 0.047737 0.102521 0.000000 0.004038 
0.043099 0.057187 0.057187 0.113194 0.009241 0.076753 0.107274 0.000000 0.349157 0.000000 0.689784 0.718465 0.684958 0.736595 0.000000 0.698438 0.688540 0.540375 0.401738 0.250907 0.133702 0.066664 0.076231 0.000000 0.047737 0.066869 0.043099 0.038520 
0.062000 0.086911 0.057187 0.020798 0.066869 0.067438 0.138316 0.214130 0.228345 0.438687 0.574859 0.717208 0.783555 0.691106 0.699344 0.640581 0.509924 0.338024 0.193569 0.124590 0.079837 0.108890 0.092533 0.052433 0.012297 0.000000 0.102521 0.102521 
0.113194 0.034000 0.047737 0.047737 0.071796 0.057808 0.042752 0.113237 0.154785 0.233123 0.317726 0.438806 0.425278 0.431950 0.418829 0.325441 0.248952 0.147946 0.096334 0.050943 0.097961 0.085444 0.026011 0.076778 0.071796 0.000000 0.062000 0.081817 
0.097263 0.076778 0.081817 0.062000 0.066869 0.062000 0.105464 0.108941 0.071076 0.139106 0.120088 0.173112 0.218883 0.159502 0.152487 0.098712 0.133674 0.110492 0.079272 0.097263 0.076778 0.097263 0.081817 0.016517 0.047737 0.038520 0.071796 0.062000 
0.097263 0.057187 0.025139 0.057187 0.057187 0.000000 0.052433 0.027352 0.091117 0.063616 0.116289 0.079082 0.089652 0.060175 0.090707 0.064876 0.025139 0.086911 0.016517 0.029539 0.029539 0.034000 0.135159 0.066869 0.052433 0.052433 0.086911 0.052433 
0.081817 0.071796 0.008137 0.062000 0.029539 0.071796 0.043099 0.043099 0.029539 0.038520 0.076778 0.057187 0.081817 0.029539 0.034000 0.034000 0.020798 0.062000 0.025139 0.086911 0.020798 0.043099 0.052433 0.000000 0.047737 0.034000 0.062000 0.029539 
