0.049201 0.021434 0.003422 0.066401 0.025218 0.053411 0.070851 0.036936 0.045052 0.025218 0.075360 0.079929 0.025218 0.003422 0.049201 0.045052 0.025218 0.021434 0.062011 0.014047 0.070851 0.093987 0.049201 0.049201 0.062011 0.045052 0.075360 0.006903 
0.006903 0.036936 0.053411 0.036936 0.079929 0.093987 0.021434 0.025218 0.049201 0.066401 0.089242 0.006903 0.000000 0.049201 0.032969 0.053411 0.049201 0.049201 0.053411 0.045052 0.017710 0.029063 0.032969 0.089242 0.029063 0.032969 0.036936 0.075360 
0.057681 0.032969 0.025218 0.025218 0.000000 0.040964 0.057681 0.045052 0.045052 0.040964 0.006903 0.025218 0.057681 0.066401 0.070851 0.075360 0.036936 0.014047 0.032969 0.029063 0.057681 0.025218 0.049201 0.049201 0.025218 0.029063 0.029063 0.029063 
0.017710 0.032969 0.040964 0.036936 0.014047 0.057681 0.021434 0.075360 0.066401 0.040964 0.079929 0.053411 0.010445 0.036936 0.032969 0.025496 0.042576 0.016172 0.029063 0.045052 0.017710 0.075360 0.103648 0.014047 0.021434 0.014047 0.017710 0.032969 
0.017710 0.010445 0.066401 0.032969 0.025218 0.025218 0.029063 0.041155 0.074576 0.097169 0.060484 0.043776 0.089568 0.160784 0.131901 0.187114 0.279043 0.198274 0.154513 0.102409 0.087264 0.065768 0.052550 0.057544 0.062522 0.021434 0.017710 0.010445 
0.066401 0.062011 0.036936 0.021434 0.062011 0.049201 0.066401 0.058520 0.047494 0.156218 0.227446 0.178700 0.297440 0.371394 0.344347 0.390501 0.478755 0.390706 0.331412 0.255042 0.234204 0.235231 0.143468 0.111804 0.108434 0.052061 0.088353 0.075360 
0.053411 0.084556 0.045052 0.062011 0.032969 0.149886 0.054077 0.071906 0.162918 0.222272 0.325236 0.522225 0.591524 0.614511 0.711881 0.595383 0.616438 0.546638 0.555329 0.481767 0.435413 0.386681 0.287210 0.256308 0.247618 0.157670 0.102768 0.062011 
0.103648 0.049201 0.070851 0.014047 0.025218 0.053411 0.107149 0.137361 0.254593 0.371464 0.531880 0.677954 0.796723 0.862543 0.741487 0.643664 0.645457 0.684299 0.617618 0.608923 0.595363 0.441203 0.400849 0.256187 0.153156 0.122148 0.051838 0.036936 
0.066401 0.079929 0.017710 0.025218 0.021434 0.066207 0.095704 0.211406 0.352016 0.516086 0.719837 0.000000 0.742356 0.673915 0.563114 0.496590 0.439198 0.463260 0.401070 0.370920 0.342389 0.374599 0.209723 0.134636 0.115617 0.033187 0.010546 0.066401 
0.036936 0.021434 0.045052 0.045052 0.066401 0.047786 0.000000 0.200034 0.356292 0.514941 0.694370 0.712438 0.659355 0.548429 0.421512 0.368012 0.334935 0.333375 0.282573 0.000000 0.209328 0.170556 0.204058 0.203697 0.132277 0.099569 0.031408 0.067668 
0.021434 0.040964 0.062011 0.029063 0.017710 0.095152 0.117262 0.197980 0.430868 0.629596 0.753034 0.728436 0.575543 0.411923 0.399369 0.321178 0.204528 0.202826 0.191754 0.220387 0.183782 0.154526 0.142863 0.101708 0.132489 0.068412 0.112562 0.000000 
0.000000 0.103648 0.053411 0.032969 0.017710 0.112396 0.111013 0.237389 0.472742 0.683659 0.855752 0.758559 0.596694 0.482367 0.388469 0.316426 0.199770 0.238512 0.131745 0.139976 0.102677 0.089161 0.076327 0.019503 0.036042 0.024515 0.057681 0.014047 
0.049201 0.053411 0.017710 0.079929 0.053411 0.000000 0.065193 0.242174 0.460314 0.725451 0.867662 0.867730 0.583705 0.580485 0.529852 0.486132 0.340967 0.258721 0.220966 0.175240 0.161712 0.083818 0.055109 0.031557 0.045052 0.057681 0.070851 0.040964 
0.000000 0.029063 0.049201 0.062011 0.070851 0.033970 0.136234 0.205419 0.000000 0.561221 0.731003 0.784103 0.663795 0.590972 0.607270 0.620424 0.000000 0.408784 0.310227 0.244533 0.151322 0.136346 0.148441 0.053067 0.028536 0.079929 0.057681 0.021434 
0.066401 0.021434 0.053411 0.045052 0.075360 0.035294 0.073135 0.163859 0.302346 0.399017 0.512315 0.603854 0.627699 0.527379 0.586837 0.511520 0.453796 0.473750 0.381787 0.286410 0.185283 0.154037 0.111748 0.108082 0.037721 0.070851 0.049201 0.066401 
0.045052 0.079929 0.036936 0.003422 0.079929 0.065672 0.035622 0.081537 0.275759 0.324982 0.406735 0.445967 0.388571 0.432839 0.477904 0.384840 0.400561 0.503670 0.424515 0.417449 0.261850 0.208301 0.159544 0.127215 0.076123 0.049201 0.093987 0.029063 
0.021434 0.045052 0.057681 0.032969 0.066401 0.019642 0.056613 0.024961 0.000000 0.139581 0.000000 0.288348 0.271471 0.310296 0.324735 0.323569 0.380088 0.467343 0.546863 0.391792 0.261568 0.172327 0.094567 0.094321 0.075069 0.079929 0.066401 0.062011 
0.057681 0.045052 0.000000 0.025218 0.000000 0.033902 0.012170 0.035582 0.066295 0.126328 0.131732 0.118174 0.173431 0.242794 0.188470 0.247442 0.360566 0.517901 0.000000 0.525014 0.245833 0.194092 0.000000 0.090673 0.041115 0.045052 0.093987 0.032969 
0.053411 0.045052 0.089242 0.032969 0.045052 0.073486 0.112630 0.118884 0.161302 0.187684 0.126749 0.129210 0.154406 0.168490 0.167796 0.223067 0.337910 0.503080 0.647337 0.509466 0.345977 0.201061 0.142799 0.000000 0.086359 0.032969 0.066401 0.040964 
0.045052 0.053411 0.084556 0.049201 0.060066 0.084690 0.134730 0.205829 0.291469 0.266298 0.153139 0.121232 0.159629 0.238918 0.245111 0.224558 0.314214 0.614468 0.561972 0.418788 0.321805 0.194929 0.116048 0.094864 0.038947 0.025218 0.053411 0.089242 
0.029063 0.062011 0.053411 0.029063 0.051898 0.096299 0.196569 0.317165 0.365697 0.401183 0.276642 0.185874 0.212830 0.302842 0.319359 0.356705 0.515335 0.532563 0.531595 0.322944 0.250411 0.172651 0.153732 0.068932 0.066401 0.025218 0.053411 0.108565 
0.021434 0.032969 0.006903 0.049201 0.052175 0.111163 0.210782 0.295174 0.541600 0.586598 0.665426 0.411875 0.375155 0.451855 0.578621 0.546270 0.664800 0.711727 0.528032 0.392879 0.214129 0.095145 0.127992 0.068175 0.040964 0.089242 0.000000 0.003422 
0.036936 0.049201 0.049201 0.098789 0.007842 0.104570 0.145270 0.000000 0.445173 0.000000 0.799303 0.827816 0.796413 0.855601 0.000000 0.769660 0.727266 0.546928 0.401620 0.252539 0.142875 0.071899 0.065942 0.000000 0.040964 0.057681 0.036936 0.032969 
0.053411 0.075360 0.049201 0.017710 0.057681 0.085360 0.161527 0.232822 0.256888 0.502412 0.640290 0.789411 0.858467 0.737956 0.727004 0.640519 0.500402 0.327155 0.189465 0.126471 0.075004 0.094989 0.080349 0.045052 0.010445 0.000000 0.089242 0.089242 
0.098789 0.029063 0.040964 0.040964 0.062011 0.049744 0.057069 0.123446 0.159195 0.221490 0.296411 0.416874 0.403106 0.408555 0.391899 0.296626 0.224335 0.131012 0.084568 0.043904 0.085233 0.074060 0.022183 0.066401 0.062011 0.000000 0.053411 0.070851 
0.084556 0.066401 0.070851 0.053411 0.057681 0.053411 0.092970 0.102062 0.071169 0.132210 0.115008 0.163317 0.205307 0.147314 0.134292 0.085847 0.117225 0.096369 0.068602 0.084556 0.066401 0.084556 0.070851 0.014047 0.040964 0.032969 0.062011 0.053411 
0.084556 0.049201 0.021434 0.049201 0.049201 0.000000 0.045052 0.024401 0.083978 0.062762 0.107746 0.073701 0.080276 0.051814 0.078727 0.055931 0.021434 0.075360 0.014047 0.025218 0.025218 0.029063 0.118566 0.057681 0.045052 0.045052 0.075360 0.045052 
0.070851 0.062011 0.006903 0.053411 0.025218 0.062011 0.036936 0.036936 0.025218 0.032969 0.066401 0.049201 0.070851 0.025218 0.029063 0.029063 0.017710 0.053411 0.021434 0.075360 0.017710 0.036936 0.045052 0.000000 0.040964 0.029063 0.053411 0.025218 
