0.038398 0.016523 0.002616 0.052200 0.019474 0.041759 0.055801 0.028672 0.035097 0.019474 0.059463 0.063186 0.019474 0.002616 0.038398 0.035097 0.019474 0.016523 0.048659 0.010792 0.055801 0.074718 0.038398 0.038398 0.048659 0.035097 0.059463 0.005286 
0.005286 0.028672 0.041759 0.028672 0.063186 0.074718 0.016523 0.019474 0.038398 0.052200 0.070813 0.005286 0.000000 0.038398 0.025548 0.041759 0.038398 0.038398 0.041759 0.035097 0.013629 0.022482 0.025548 0.070813 0.022482 0.025548 0.028672 0.059463 
0.045179 0.025548 0.019474 0.019474 0.000000 0.031855 0.045179 0.035097 0.035097 0.031855 0.005286 0.019474 0.045179 0.052200 0.055801 0.059463 0.028672 0.010792 0.025548 0.022482 0.045179 0.019474 0.038398 0.038398 0.019474 0.022482 0.022482 0.022482 
0.013629 0.025548 0.031855 0.028672 0.010792 0.045179 0.016523 0.059463 0.052200 0.031855 0.063186 0.041759 0.008011 0.028672 0.025548 0.019691 0.033132 0.012437 0.022482 0.035097 0.013629 0.059463 0.082710 0.010792 0.016523 0.010792 0.013629 0.025548 
0.013629 0.008011 0.052200 0.025548 0.019474 0.019474 0.022482 0.034757 0.065971 0.086210 0.053884 0.039569 0.076725 0.139750 0.117348 0.168805 0.266368 0.208606 0.165088 0.134313 0.084702 0.051689 0.041071 0.045069 0.049071 0.016523 0.013629 0.008011 
0.052200 0.048659 0.028672 0.016523 0.048659 0.038398 0.052200 0.050487 0.045651 0.136221 0.229611 0.210654 0.352204 0.462331 0.428408 0.483703 0.572465 0.481901 0.418123 0.347185 0.280164 0.275174 0.159748 0.089502 0.086697 0.040688 0.070091 0.059463 
0.041759 0.066969 0.035097 0.048659 0.025548 0.121666 0.042292 0.064338 0.193202 0.293164 0.405187 0.605524 0.702423 0.743042 0.828304 0.712398 0.734856 0.660182 0.645466 0.545329 0.486476 0.437457 0.311658 0.235726 0.209827 0.128606 0.082246 0.048659 
0.082710 0.038398 0.055801 0.010792 0.019474 0.041759 0.091327 0.155416 0.309609 0.463330 0.615251 0.769310 0.918349 0.986974 0.866412 0.754187 0.730270 0.742787 0.673123 0.666056 0.652903 0.501530 0.425505 0.237507 0.127753 0.098425 0.040739 0.028672 
0.052200 0.063186 0.013629 0.019474 0.016523 0.052044 0.094035 0.234548 0.440284 0.605731 0.807373 0.000000 0.855987 0.784428 0.647184 0.542904 0.484192 0.506428 0.420891 0.396653 0.373279 0.392596 0.223191 0.125392 0.100438 0.029386 0.008127 0.052200 
0.028672 0.016523 0.035097 0.035097 0.052200 0.037271 0.000000 0.221519 0.438548 0.607945 0.787503 0.768228 0.689505 0.564558 0.425457 0.357194 0.295124 0.292798 0.246336 0.000000 0.180172 0.144110 0.171453 0.176213 0.117038 0.090475 0.029538 0.053225 
0.016523 0.031855 0.048659 0.022482 0.013629 0.075679 0.095978 0.198687 0.509327 0.718043 0.851216 0.738004 0.566705 0.383876 0.348386 0.274661 0.169456 0.168419 0.158942 0.184158 0.151797 0.126515 0.116525 0.081933 0.107494 0.053827 0.090131 0.000000 
0.000000 0.082710 0.041759 0.025548 0.013629 0.089992 0.093920 0.238262 0.547910 0.770902 0.953807 0.773827 0.591677 0.482141 0.366725 0.295594 0.183267 0.215924 0.106404 0.113396 0.081906 0.070746 0.060250 0.015021 0.027967 0.018925 0.045179 0.010792 
0.038398 0.041759 0.013629 0.063186 0.041759 0.000000 0.053134 0.238366 0.533286 0.817527 0.980771 0.944110 0.661852 0.659781 0.592764 0.526513 0.379951 0.304901 0.249799 0.194553 0.169611 0.069610 0.043118 0.024438 0.035097 0.045179 0.055801 0.031855 
0.000000 0.022482 0.038398 0.048659 0.055801 0.026335 0.114533 0.237908 0.000000 0.645235 0.856685 0.917179 0.770440 0.675888 0.684334 0.707516 0.000000 0.469148 0.360213 0.285854 0.181039 0.147206 0.122539 0.041484 0.022069 0.063186 0.045179 0.016523 
0.052200 0.016523 0.041759 0.035097 0.059463 0.027378 0.063546 0.202239 0.339918 0.455481 0.605232 0.708922 0.726791 0.618563 0.674555 0.601654 0.550382 0.561823 0.465225 0.334981 0.214648 0.180862 0.112399 0.088139 0.029291 0.055801 0.038398 0.052200 
0.035097 0.063186 0.028672 0.002616 0.063186 0.051612 0.039488 0.111517 0.293089 0.339517 0.438377 0.518113 0.476068 0.506762 0.545284 0.445435 0.461012 0.574677 0.519488 0.517255 0.295505 0.227565 0.154090 0.108833 0.060084 0.038398 0.074718 0.022482 
0.016523 0.035097 0.045179 0.025548 0.052200 0.015129 0.048276 0.049937 0.000000 0.145462 0.000000 0.266852 0.253842 0.286029 0.316440 0.329140 0.411335 0.515009 0.610191 0.506731 0.356089 0.204231 0.100617 0.083861 0.060251 0.063186 0.052200 0.048659 
0.045179 0.035097 0.000000 0.019474 0.000000 0.026281 0.009342 0.027667 0.056815 0.116017 0.115290 0.105222 0.160423 0.217853 0.167903 0.219594 0.333498 0.542465 0.000000 0.613448 0.336988 0.243290 0.000000 0.080842 0.036565 0.035097 0.074718 0.025548 
0.041759 0.035097 0.070813 0.025548 0.035097 0.058199 0.091909 0.098321 0.160842 0.218082 0.124338 0.112183 0.131204 0.145050 0.149753 0.209762 0.329761 0.484707 0.667450 0.582567 0.425048 0.251553 0.147848 0.000000 0.068447 0.025548 0.052200 0.031855 
0.035097 0.041759 0.066969 0.038398 0.047095 0.068729 0.111716 0.187219 0.291615 0.296782 0.174004 0.131663 0.133351 0.199860 0.219999 0.230604 0.308860 0.593346 0.595846 0.509018 0.408658 0.259990 0.124992 0.082685 0.030260 0.019474 0.041759 0.070813 
0.022482 0.048659 0.041759 0.022482 0.040549 0.083147 0.187659 0.299103 0.369366 0.435025 0.298306 0.230425 0.252591 0.302468 0.329036 0.370308 0.560135 0.625015 0.623733 0.412418 0.345640 0.222649 0.144475 0.058266 0.052200 0.019474 0.041759 0.086797 
0.016523 0.025548 0.005286 0.038398 0.040771 0.104793 0.225133 0.314107 0.573320 0.626800 0.726584 0.502442 0.474011 0.550254 0.672411 0.648127 0.771058 0.805426 0.614980 0.473163 0.277596 0.102489 0.109494 0.054154 0.031855 0.070813 0.000000 0.002616 
0.028672 0.038398 0.038398 0.078684 0.006008 0.098951 0.165299 0.000000 0.479285 0.000000 0.881290 0.951247 0.932156 0.990183 0.000000 0.869376 0.818356 0.635577 0.491650 0.321522 0.181057 0.074379 0.051829 0.000000 0.031855 0.045179 0.028672 0.025548 
0.041759 0.059463 0.038398 0.013629 0.045179 0.081927 0.175048 0.248830 0.283292 0.528310 0.675482 0.875272 0.946434 0.812318 0.810802 0.715083 0.568165 0.393494 0.242010 0.164749 0.097471 0.075545 0.063528 0.035097 0.008011 0.000000 0.070813 0.070813 
0.078684 0.022482 0.031855 0.031855 0.048659 0.038830 0.049016 0.111712 0.164078 0.218692 0.286677 0.418173 0.428412 0.455187 0.439305 0.349721 0.283360 0.182772 0.115346 0.074932 0.072396 0.058406 0.017106 0.052200 0.048659 0.000000 0.041759 0.055801 
0.066969 0.052200 0.055801 0.041759 0.045179 0.041759 0.073889 0.081451 0.062984 0.119331 0.100943 0.135557 0.169829 0.119524 0.108402 0.068026 0.094030 0.076683 0.053980 0.066969 0.052200 0.066969 0.055801 0.010792 0.031855 0.025548 0.048659 0.041759 
0.066969 0.038398 0.016523 0.038398 0.038398 0.000000 0.035097 0.018844 0.066535 0.049329 0.086166 0.058157 0.063489 0.040482 0.062205 0.043776 0.016523 0.059463 0.010792 0.019474 0.019474 0.022482 0.095154 0.045179 0.035097 0.035097 0.059463 0.035097 
0.055801 0.048659 0.005286 0.041759 0.019474 0.048659 0.028672 0.028672 0.019474 0.025548 0.052200 0.038398 0.055801 0.019474 0.022482 0.022482 0.013629 0.041759 0.016523 0.059463 0.013629 0.028672 0.035097 0.000000 0.031855 0.022482 0.041759 0.019474 
