0.032584 0.013928 0.002195 0.044476 0.016430 0.035471 0.047593 0.024259 0.029753 0.016430 0.050769 0.054004 0.016430 0.002195 0.032584 0.029753 0.016430 0.013928 0.041416 0.009081 0.047593 0.064066 0.032584 0.032584 0.041416 0.029753 0.050769 0.004440 
0.004440 0.024259 0.035471 0.024259 0.054004 0.064066 0.013928 0.016430 0.032584 0.044476 0.060653 0.004440 0.000000 0.032584 0.021595 0.035471 0.032584 0.032584 0.035471 0.029753 0.011478 0.018986 0.021595 0.060653 0.018986 0.021595 0.024259 0.050769 
0.038415 0.021595 0.016430 0.016430 0.000000 0.026978 0.038415 0.029753 0.029753 0.026978 0.004440 0.016430 0.038415 0.044476 0.047593 0.050769 0.024259 0.009081 0.021595 0.018986 0.038415 0.016430 0.032584 0.032584 0.016430 0.018986 0.018986 0.018986 
0.011478 0.021595 0.026978 0.024259 0.009081 0.038415 0.013928 0.050769 0.044476 0.026978 0.054004 0.035471 0.006735 0.024259 0.021595 0.016615 0.028071 0.010470 0.018986 0.029753 0.011478 0.050769 0.071073 0.009081 0.013928 0.009081 0.011478 0.021595 
0.011478 0.006735 0.044476 0.021595 0.016430 0.016430 0.018986 0.029477 0.056466 0.074196 0.045966 0.033618 0.065852 0.122111 0.102032 0.151517 0.250141 0.205442 0.164558 0.137005 0.090085 0.060296 0.051126 0.049985 0.041771 0.013928 0.011478 0.006735 
0.044476 0.041416 0.024259 0.013928 0.041416 0.032584 0.056678 0.060003 0.055820 0.151345 0.238717 0.222039 0.342141 0.445905 0.410245 0.479124 0.569168 0.482519 0.420537 0.352358 0.283878 0.277934 0.170095 0.088759 0.074580 0.034551 0.060023 0.050769 
0.035471 0.057298 0.029753 0.041416 0.021595 0.105608 0.055288 0.087750 0.223437 0.315434 0.411920 0.613430 0.734154 0.809221 0.881101 0.769004 0.781030 0.727390 0.709009 0.602525 0.543624 0.475846 0.336197 0.222953 0.185794 0.111824 0.070668 0.041416 
0.071073 0.032584 0.047593 0.009081 0.016430 0.035471 0.080679 0.157984 0.343394 0.501628 0.634274 0.797605 0.989229 1.000000 0.958078 0.843804 0.826862 0.832766 0.743756 0.704050 0.688327 0.530389 0.442705 0.226207 0.111075 0.084933 0.034595 0.024259 
0.044476 0.054004 0.011478 0.016430 0.013928 0.044340 0.081667 0.244951 0.473814 0.657049 0.858390 0.000000 0.941269 0.860518 0.693124 0.568511 0.499701 0.518209 0.418494 0.388278 0.366290 0.376587 0.218227 0.126297 0.096803 0.029597 0.006833 0.044476 
0.024259 0.013928 0.029753 0.029753 0.044476 0.031617 0.000000 0.260365 0.490125 0.655644 0.834861 0.804785 0.734505 0.595334 0.424684 0.356830 0.275112 0.266096 0.219886 0.000000 0.158743 0.126138 0.152618 0.165257 0.115940 0.094347 0.032278 0.045362 
0.013928 0.026978 0.041416 0.018986 0.011478 0.064907 0.105308 0.239453 0.538825 0.737621 0.853937 0.748842 0.582283 0.384006 0.319180 0.248796 0.148754 0.147812 0.139198 0.162186 0.132722 0.109953 0.101021 0.070395 0.092978 0.045883 0.077604 0.000000 
0.000000 0.071073 0.035471 0.021595 0.011478 0.077482 0.095138 0.277877 0.594683 0.802434 0.975027 0.811132 0.627867 0.474622 0.345508 0.267949 0.161481 0.191583 0.092007 0.098227 0.070367 0.060594 0.051452 0.012656 0.023658 0.015965 0.038415 0.009081 
0.032584 0.035471 0.011478 0.054004 0.035471 0.000000 0.055984 0.271707 0.582465 0.851826 1.000000 1.000000 0.739014 0.698940 0.620088 0.548136 0.384140 0.278603 0.226638 0.172199 0.149251 0.059625 0.036640 0.020650 0.029753 0.038415 0.047593 0.026978 
0.000000 0.018986 0.032584 0.041416 0.047593 0.022266 0.100057 0.260598 0.000000 0.685796 0.898583 0.985635 0.853089 0.710501 0.700789 0.723868 0.000000 0.490741 0.351562 0.257407 0.159885 0.128919 0.106400 0.035235 0.018635 0.054004 0.038415 0.013928 
0.044476 0.013928 0.035471 0.029753 0.050769 0.023155 0.054594 0.201730 0.358610 0.488322 0.626234 0.768816 0.778989 0.627952 0.671826 0.600561 0.561728 0.582685 0.490844 0.361493 0.193984 0.159710 0.097541 0.075858 0.024788 0.047593 0.032584 0.044476 
0.029753 0.054004 0.024259 0.002195 0.054004 0.043967 0.033653 0.107009 0.297123 0.351165 0.442237 0.538255 0.521230 0.513094 0.552082 0.467408 0.493328 0.601978 0.553144 0.550139 0.291317 0.202748 0.135003 0.094198 0.051308 0.032584 0.064066 0.018986 
0.013928 0.029753 0.038415 0.021595 0.044476 0.012748 0.041131 0.044964 0.000000 0.157493 0.000000 0.279322 0.305545 0.335926 0.330206 0.332394 0.414664 0.523631 0.644031 0.550158 0.390216 0.185585 0.087311 0.072131 0.051459 0.054004 0.044476 0.041416 
0.038415 0.029753 0.000000 0.016430 0.000000 0.022220 0.007857 0.028835 0.053944 0.103266 0.113725 0.106405 0.192593 0.268986 0.197560 0.224403 0.317134 0.532996 0.000000 0.670608 0.382971 0.238650 0.000000 0.069479 0.031036 0.029753 0.064066 0.021595 
0.035471 0.029753 0.060653 0.021595 0.029753 0.049673 0.079182 0.094813 0.163617 0.201995 0.108646 0.097187 0.128453 0.168295 0.167828 0.204644 0.308460 0.452645 0.674015 0.633188 0.477937 0.257421 0.130708 0.000000 0.058588 0.021595 0.044476 0.026978 
0.029753 0.035471 0.057298 0.032584 0.040067 0.058842 0.096745 0.168231 0.287650 0.292833 0.172129 0.119897 0.117227 0.199001 0.244328 0.227791 0.292768 0.572825 0.618895 0.562626 0.462333 0.265770 0.110134 0.071089 0.025615 0.016430 0.035471 0.060653 
0.018986 0.041416 0.035471 0.018986 0.034431 0.071517 0.165645 0.269398 0.357299 0.431554 0.300878 0.236239 0.248389 0.315684 0.366752 0.389125 0.560884 0.621519 0.653484 0.476753 0.381868 0.227589 0.126480 0.049751 0.044476 0.016430 0.035471 0.074668 
0.013928 0.021595 0.004440 0.032584 0.034622 0.090741 0.200468 0.284022 0.543851 0.617740 0.718564 0.517257 0.511597 0.600610 0.735180 0.668531 0.767420 0.802007 0.659434 0.519509 0.298957 0.115182 0.094786 0.046169 0.026978 0.060653 0.000000 0.002195 
0.024259 0.032584 0.032584 0.067540 0.005047 0.085560 0.145473 0.000000 0.467670 0.000000 0.895263 1.000000 1.000000 1.000000 0.000000 0.898601 0.828009 0.672680 0.545893 0.357442 0.195514 0.069765 0.044155 0.000000 0.026978 0.038415 0.024259 0.021595 
0.035471 0.050769 0.032584 0.011478 0.038415 0.070539 0.154316 0.233037 0.277609 0.521890 0.684585 0.906343 0.995865 0.880199 0.863784 0.768014 0.593194 0.413197 0.282884 0.197412 0.089732 0.064790 0.054302 0.029753 0.006735 0.000000 0.060653 0.060653 
0.067540 0.018986 0.026978 0.026978 0.041416 0.032955 0.041772 0.100718 0.162432 0.212818 0.289932 0.420540 0.424045 0.453980 0.458083 0.386086 0.299923 0.205930 0.145476 0.074731 0.062204 0.049852 0.014422 0.044476 0.041416 0.000000 0.035471 0.047593 
0.057298 0.044476 0.047593 0.035471 0.038415 0.035471 0.063341 0.069968 0.063778 0.121909 0.100185 0.121123 0.149093 0.105234 0.106651 0.078691 0.094766 0.095501 0.073539 0.058782 0.044476 0.057298 0.047593 0.009081 0.026978 0.021595 0.041416 0.035471 
0.057298 0.032584 0.013928 0.032584 0.032584 0.000000 0.029753 0.015896 0.056920 0.041994 0.074112 0.049636 0.054268 0.034374 0.053152 0.037207 0.013928 0.050769 0.009081 0.016430 0.016430 0.018986 0.082038 0.038415 0.029753 0.029753 0.050769 0.029753 
0.047593 0.041416 0.004440 0.035471 0.016430 0.041416 0.024259 0.024259 0.016430 0.021595 0.044476 0.032584 0.047593 0.016430 0.018986 0.018986 0.011478 0.035471 0.013928 0.050769 0.011478 0.024259 0.029753 0.000000 0.026978 0.018986 0.035471 0.016430 
