0.026001 0.011030 0.001730 0.035657 0.013025 0.028337 0.038203 0.019294 0.023715 0.013025 0.040802 0.043456 0.013025 0.001730 0.026001 0.023715 0.013025 0.011030 0.033165 0.007177 0.038203 0.051749 0.026001 0.026001 0.033165 0.023715 0.040802 0.003502 
0.003502 0.019294 0.028337 0.019294 0.043456 0.051749 0.011030 0.013025 0.026001 0.035657 0.048929 0.003502 0.000000 0.026001 0.017157 0.028337 0.026001 0.026001 0.028337 0.023715 0.009081 0.015067 0.017157 0.048929 0.015067 0.017157 0.019294 0.040802 
0.030725 0.017157 0.013025 0.013025 0.000000 0.021480 0.030725 0.023715 0.023715 0.021480 0.003502 0.013025 0.030725 0.035657 0.038203 0.040802 0.019294 0.007177 0.017157 0.015067 0.030725 0.013025 0.026001 0.026001 0.013025 0.015067 0.015067 0.015067 
0.009081 0.017157 0.021480 0.019294 0.007177 0.030725 0.011030 0.040802 0.035657 0.021480 0.043456 0.028337 0.005318 0.019294 0.017157 0.013173 0.022360 0.008280 0.015067 0.023715 0.009081 0.040802 0.057559 0.007177 0.011030 0.007177 0.009081 0.017157 
0.009081 0.005318 0.035657 0.017157 0.013025 0.013025 0.015067 0.023493 0.045480 0.060158 0.042450 0.056764 0.089757 0.179711 0.155693 0.195957 0.273489 0.217683 0.154025 0.121586 0.081338 0.056377 0.048794 0.045781 0.033454 0.011030 0.009081 0.005318 
0.035657 0.033165 0.019294 0.011030 0.033165 0.026001 0.045788 0.048578 0.045133 0.126308 0.241878 0.232620 0.338331 0.482317 0.457609 0.532397 0.620913 0.532558 0.457771 0.369122 0.270256 0.256162 0.158376 0.079440 0.060880 0.027592 0.048409 0.040802 
0.028337 0.046165 0.023715 0.033165 0.017157 0.086585 0.044719 0.071843 0.205068 0.297894 0.387780 0.575363 0.711785 0.825113 0.914247 0.812100 0.852103 0.814638 0.804382 0.693322 0.617862 0.507190 0.346456 0.231668 0.171868 0.091876 0.057222 0.033165 
0.057559 0.026001 0.038203 0.007177 0.013025 0.028337 0.065591 0.142257 0.346810 0.510180 0.643661 0.799894 1.000000 1.000000 1.000000 0.888282 0.828360 0.847566 0.794396 0.780424 0.768041 0.607478 0.455443 0.236737 0.110987 0.069131 0.027628 0.019294 
0.035657 0.043456 0.009081 0.013025 0.011030 0.035547 0.066399 0.235527 0.477310 0.678197 0.888343 0.000000 1.000000 0.909153 0.726209 0.605777 0.490058 0.520903 0.428371 0.415287 0.422734 0.453925 0.261592 0.153496 0.106187 0.023620 0.005395 0.035657 
0.019294 0.011030 0.023715 0.023715 0.035657 0.025220 0.000000 0.253517 0.493870 0.677751 0.868155 0.890031 0.809183 0.660292 0.491509 0.405110 0.303429 0.296752 0.248328 0.000000 0.185577 0.154822 0.172522 0.148176 0.095484 0.077156 0.025800 0.036381 
0.011030 0.021480 0.033165 0.015067 0.009081 0.052445 0.092578 0.234381 0.540172 0.787422 0.904565 0.831080 0.645776 0.444469 0.378317 0.283007 0.160526 0.159695 0.148701 0.162663 0.131105 0.096292 0.082693 0.056995 0.075896 0.036806 0.062999 0.000000 
0.000000 0.057559 0.028337 0.017157 0.009081 0.062896 0.079202 0.260368 0.600434 0.868137 1.000000 0.900975 0.676441 0.517068 0.377265 0.252089 0.156875 0.172799 0.081530 0.080329 0.056972 0.048881 0.041362 0.010018 0.018811 0.012654 0.030725 0.007177 
0.026001 0.028337 0.009081 0.043456 0.028337 0.000000 0.045517 0.248766 0.592626 0.926516 1.000000 1.000000 0.809165 0.778901 0.678289 0.564470 0.362314 0.241503 0.194171 0.144230 0.124134 0.048082 0.029285 0.016399 0.023715 0.030725 0.038203 0.021480 
0.000000 0.015067 0.026001 0.033165 0.038203 0.017694 0.081882 0.232798 0.000000 0.728294 0.961541 1.000000 0.899531 0.800125 0.786791 0.785986 0.000000 0.466649 0.318192 0.220665 0.133419 0.106529 0.087258 0.028146 0.014786 0.043456 0.030725 0.011030 
0.035657 0.011030 0.028337 0.023715 0.040802 0.018407 0.044709 0.173054 0.356251 0.516056 0.653171 0.793110 0.826807 0.675335 0.744180 0.673161 0.625217 0.597795 0.474109 0.330606 0.164908 0.133266 0.079749 0.061542 0.019718 0.038203 0.026001 0.035657 
0.023715 0.043456 0.019294 0.001730 0.043456 0.035242 0.027095 0.095489 0.302885 0.384514 0.471726 0.554951 0.554421 0.530978 0.601342 0.532688 0.583842 0.650203 0.559620 0.524945 0.262880 0.171321 0.111776 0.076925 0.041244 0.026001 0.051749 0.015067 
0.011030 0.023715 0.030725 0.017157 0.035657 0.010090 0.032933 0.041690 0.000000 0.181009 0.000000 0.294588 0.296759 0.326517 0.325888 0.369947 0.468700 0.584431 0.670386 0.527579 0.359867 0.156096 0.071130 0.058439 0.041368 0.043456 0.035657 0.033165 
0.030725 0.023715 0.000000 0.013025 0.000000 0.017657 0.006207 0.025462 0.057779 0.125183 0.134671 0.096353 0.165648 0.237098 0.173020 0.254871 0.357371 0.603605 0.000000 0.662831 0.353298 0.203827 0.000000 0.056235 0.024751 0.023715 0.051749 0.017157 
0.028337 0.023715 0.048929 0.017157 0.023715 0.039905 0.064316 0.082114 0.147810 0.174088 0.096254 0.079449 0.108058 0.145286 0.151467 0.232155 0.348134 0.525367 0.713608 0.630948 0.445191 0.221006 0.108078 0.000000 0.047227 0.017157 0.035657 0.021480 
0.023715 0.028337 0.046165 0.026001 0.032067 0.047436 0.079076 0.142119 0.261265 0.265617 0.178090 0.100596 0.096677 0.178905 0.254386 0.253757 0.335419 0.651101 0.658751 0.562035 0.431199 0.228635 0.090446 0.057572 0.020383 0.013025 0.028337 0.048929 
0.015067 0.033165 0.028337 0.015067 0.027496 0.057928 0.152834 0.248022 0.331955 0.407153 0.291660 0.252313 0.255798 0.326939 0.378981 0.415899 0.608154 0.698531 0.688631 0.481515 0.344277 0.193924 0.104430 0.039969 0.035657 0.013025 0.028337 0.060550 
0.011030 0.017157 0.003502 0.026001 0.027650 0.093888 0.204191 0.327915 0.595315 0.652668 0.725666 0.557427 0.566754 0.632437 0.751369 0.707119 0.833479 0.845710 0.705935 0.515953 0.261611 0.095027 0.077421 0.037039 0.021480 0.048929 0.000000 0.001730 
0.019294 0.026001 0.026001 0.054626 0.003982 0.072630 0.139869 0.000000 0.527249 0.000000 0.955329 1.000000 1.000000 1.000000 0.000000 0.960821 0.894780 0.722259 0.588815 0.367112 0.165736 0.056536 0.035396 0.000000 0.021480 0.030725 0.019294 0.017157 
0.028337 0.040802 0.026001 0.009081 0.030725 0.057116 0.128551 0.217443 0.318179 0.584004 0.745998 0.969117 1.000000 0.992289 0.939024 0.842917 0.667902 0.467063 0.310282 0.195171 0.073220 0.052348 0.043701 0.023715 0.005318 0.000000 0.048929 0.048929 
0.054626 0.015067 0.021480 0.021480 0.033165 0.026301 0.033455 0.082462 0.135767 0.208009 0.298638 0.416878 0.415067 0.445828 0.460619 0.384034 0.299153 0.192643 0.123768 0.061209 0.050211 0.040051 0.011424 0.035657 0.033165 0.000000 0.028337 0.038203 
0.046165 0.035657 0.038203 0.028337 0.030725 0.028337 0.051149 0.056641 0.051575 0.100621 0.098360 0.136069 0.160314 0.122672 0.125467 0.091864 0.085264 0.079285 0.060780 0.047450 0.035657 0.046165 0.038203 0.007177 0.021480 0.017157 0.033165 0.028337 
0.046165 0.026001 0.011030 0.026001 0.026001 0.000000 0.023715 0.012599 0.045854 0.033635 0.060087 0.039874 0.043673 0.027449 0.042756 0.029745 0.011030 0.040802 0.007177 0.013025 0.013025 0.015067 0.066705 0.030725 0.023715 0.023715 0.040802 0.023715 
0.038203 0.033165 0.003502 0.028337 0.013025 0.033165 0.019294 0.019294 0.013025 0.017157 0.035657 0.026001 0.038203 0.013025 0.015067 0.015067 0.009081 0.028337 0.011030 0.040802 0.009081 0.019294 0.023715 0.000000 0.021480 0.015067 0.028337 0.013025 
