0.019858 0.008365 0.001306 0.027356 0.009887 0.021666 0.029343 0.014689 0.018093 0.009887 0.031376 0.033458 0.009887 0.001306 0.019858 0.018093 0.009887 0.008365 0.025414 0.005433 0.029343 0.039991 0.019858 0.019858 0.025414 0.018093 0.031376 0.002646 
0.002646 0.014689 0.021666 0.014689 0.033458 0.039991 0.008365 0.009887 0.019858 0.027356 0.037764 0.002646 0.000000 0.019858 0.013049 0.021666 0.019858 0.019858 0.021666 0.018093 0.006880 0.011448 0.013049 0.037764 0.011448 0.013049 0.014689 0.031376 
0.023518 0.013049 0.009887 0.009887 0.000000 0.016370 0.023518 0.018093 0.018093 0.016370 0.002646 0.009887 0.023518 0.027356 0.029343 0.031376 0.014689 0.005433 0.013049 0.011448 0.023518 0.009887 0.019858 0.019858 0.009887 0.011448 0.011448 0.011448 
0.006880 0.013049 0.016370 0.014689 0.005433 0.023518 0.008365 0.031376 0.027356 0.016370 0.033458 0.021666 0.004022 0.014689 0.013049 0.010000 0.017048 0.006271 0.011448 0.018093 0.006880 0.031376 0.044596 0.005433 0.008365 0.005433 0.006880 0.013049 
0.006880 0.004022 0.027356 0.013049 0.009887 0.009887 0.011448 0.017921 0.035048 0.046662 0.033278 0.047225 0.074479 0.153750 0.140620 0.176875 0.241572 0.181621 0.124397 0.096804 0.063736 0.043724 0.037725 0.035333 0.025639 0.008365 0.006880 0.004022 
0.027356 0.025414 0.014689 0.008365 0.025414 0.019858 0.035291 0.040336 0.060882 0.115763 0.214246 0.197240 0.311619 0.466262 0.479042 0.554109 0.623069 0.574545 0.494953 0.393510 0.281049 0.268693 0.164107 0.085336 0.053390 0.021089 0.037354 0.031376 
0.021666 0.035586 0.018093 0.025414 0.013049 0.067924 0.034451 0.059463 0.207150 0.325779 0.408346 0.547030 0.723978 0.849897 0.966929 0.862346 0.913306 0.881336 0.867544 0.749303 0.673056 0.561878 0.383027 0.260963 0.179389 0.072233 0.044328 0.025414 
0.044596 0.019858 0.029343 0.005433 0.009887 0.021666 0.050998 0.121009 0.359814 0.553544 0.683512 0.817890 0.990852 0.992018 0.995786 0.917316 0.868237 0.889744 0.827102 0.821443 0.809731 0.652961 0.492678 0.284546 0.127997 0.053832 0.021117 0.014689 
0.027356 0.033458 0.006880 0.009887 0.008365 0.027269 0.051644 0.205070 0.494116 0.719515 0.937068 0.000000 0.961693 0.885969 0.703504 0.573664 0.448867 0.489257 0.436986 0.433760 0.429781 0.472687 0.270310 0.157928 0.089834 0.018020 0.004080 0.027356 
0.014689 0.008365 0.018093 0.018093 0.027356 0.019254 0.000000 0.225803 0.511160 0.762817 0.990750 0.988493 0.835292 0.685600 0.511942 0.428176 0.333147 0.335291 0.289348 0.000000 0.226595 0.185179 0.198602 0.164180 0.102573 0.080080 0.019703 0.027920 
0.008365 0.016370 0.025414 0.011448 0.006880 0.041666 0.107150 0.271657 0.608362 0.914188 1.000000 0.933556 0.679089 0.459566 0.393216 0.307344 0.177384 0.173787 0.163369 0.172042 0.142122 0.112795 0.100265 0.080704 0.080300 0.050950 0.048927 0.000000 
0.000000 0.044596 0.021666 0.013049 0.006880 0.048845 0.099321 0.264041 0.693564 1.000000 1.000000 0.953630 0.681060 0.503198 0.365651 0.247877 0.164081 0.176376 0.078727 0.077668 0.058866 0.046296 0.035511 0.020321 0.014318 0.009603 0.023518 0.005433 
0.019858 0.021666 0.006880 0.033458 0.021666 0.000000 0.059665 0.306242 0.707492 1.000000 1.000000 1.000000 0.808199 0.774052 0.715159 0.593402 0.338332 0.207713 0.158874 0.115740 0.098859 0.037096 0.022401 0.012468 0.018093 0.023518 0.029343 0.016370 
0.000000 0.011448 0.019858 0.025414 0.029343 0.013461 0.064109 0.291057 0.000000 0.857341 1.000000 1.000000 0.975852 0.872943 0.838359 0.821986 0.000000 0.470468 0.287023 0.185978 0.106631 0.084253 0.068472 0.021518 0.011233 0.033458 0.023518 0.008365 
0.027356 0.008365 0.021666 0.018093 0.031376 0.014008 0.048959 0.221823 0.431872 0.621196 0.774069 0.915766 0.957411 0.788306 0.816309 0.708795 0.671724 0.636572 0.484644 0.294360 0.142596 0.107669 0.062383 0.047765 0.015015 0.029343 0.019858 0.027356 
0.018093 0.033458 0.014689 0.001306 0.033458 0.027032 0.024041 0.116679 0.352357 0.436694 0.523966 0.616367 0.635638 0.606598 0.653076 0.573727 0.639720 0.696828 0.598835 0.519706 0.231568 0.145158 0.088588 0.060101 0.031723 0.019858 0.039991 0.011448 
0.008365 0.018093 0.023518 0.013049 0.027356 0.007649 0.025234 0.035346 0.000000 0.220175 0.000000 0.315554 0.271131 0.304217 0.345113 0.403907 0.547943 0.669961 0.728552 0.548921 0.323209 0.132132 0.055436 0.045295 0.031819 0.033458 0.027356 0.025414 
0.023518 0.018093 0.000000 0.009887 0.000000 0.013433 0.004696 0.019463 0.050720 0.128661 0.136710 0.081499 0.133992 0.196368 0.141649 0.239106 0.411690 0.705234 0.000000 0.690245 0.314162 0.173318 0.000000 0.043545 0.018892 0.018093 0.039991 0.013049 
0.021666 0.018093 0.037764 0.013049 0.018093 0.030674 0.049979 0.064337 0.118866 0.141238 0.076560 0.062140 0.085531 0.116671 0.122176 0.210047 0.386442 0.624502 0.807214 0.675891 0.410527 0.188395 0.085531 0.000000 0.036422 0.013049 0.027356 0.016370 
0.018093 0.021666 0.035586 0.019858 0.024561 0.036587 0.061838 0.113968 0.218002 0.222937 0.151740 0.089019 0.077685 0.145640 0.215090 0.276731 0.415087 0.746316 0.746180 0.609548 0.422745 0.193144 0.071067 0.044606 0.015527 0.009887 0.021666 0.037764 
0.011448 0.025414 0.021666 0.011448 0.021014 0.044889 0.123230 0.208074 0.285507 0.396340 0.290887 0.230080 0.240963 0.313658 0.382451 0.470584 0.700835 0.792173 0.764893 0.525640 0.332189 0.158650 0.082523 0.030724 0.027356 0.009887 0.021666 0.046975 
0.008365 0.013049 0.002646 0.019858 0.021134 0.074150 0.168172 0.285805 0.550064 0.668693 0.763388 0.594950 0.596777 0.633650 0.786255 0.791864 0.927532 0.943498 0.769493 0.551263 0.249477 0.074810 0.060502 0.028434 0.016370 0.037764 0.000000 0.001306 
0.014689 0.019858 0.019858 0.042268 0.003010 0.056682 0.112487 0.000000 0.482307 0.000000 0.984764 1.000000 1.000000 1.000000 0.000000 1.000000 0.999235 0.795156 0.641838 0.393551 0.140532 0.043783 0.027152 0.000000 0.016370 0.023518 0.014689 0.013049 
0.021666 0.031376 0.019858 0.006880 0.023518 0.044244 0.102550 0.179354 0.278096 0.539003 0.706080 0.985459 0.998495 1.000000 1.000000 0.935797 0.751623 0.525513 0.360799 0.190536 0.057117 0.040465 0.033650 0.018093 0.004022 0.000000 0.037764 0.037764 
0.042268 0.011448 0.016370 0.016370 0.025414 0.020090 0.025640 0.064579 0.108605 0.181551 0.266774 0.377049 0.395474 0.481237 0.530522 0.447739 0.352433 0.220228 0.134641 0.050907 0.038776 0.030788 0.008665 0.027356 0.025414 0.000000 0.021666 0.029343 
0.035586 0.027356 0.029343 0.021666 0.023518 0.021666 0.039517 0.043867 0.039854 0.079393 0.083608 0.123207 0.143914 0.111896 0.114262 0.081974 0.069265 0.062019 0.047168 0.036599 0.027356 0.035586 0.029343 0.005433 0.016370 0.013049 0.025414 0.021666 
0.035586 0.019858 0.008365 0.019858 0.019858 0.000000 0.018093 0.009562 0.035342 0.025780 0.046606 0.030650 0.033628 0.020978 0.032908 0.022757 0.008365 0.031376 0.005433 0.009887 0.009887 0.011448 0.051889 0.023518 0.018093 0.018093 0.031376 0.018093 
0.029343 0.025414 0.002646 0.021666 0.009887 0.025414 0.014689 0.014689 0.009887 0.013049 0.027356 0.019858 0.029343 0.009887 0.011448 0.011448 0.006880 0.021666 0.008365 0.031376 0.006880 0.014689 0.018093 0.000000 0.016370 0.011448 0.021666 0.009887 
