0.013439 0.005619 0.000873 0.018602 0.006648 0.014680 0.019978 0.009908 0.012231 0.006648 0.021391 0.022839 0.006648 0.000873 0.013439 0.012231 0.006648 0.005619 0.017260 0.003642 0.019978 0.027412 0.013439 0.013439 0.017260 0.012231 0.021391 0.001771 
0.001771 0.009908 0.014680 0.009908 0.022839 0.027412 0.005619 0.006648 0.013439 0.018602 0.025849 0.001771 0.000000 0.013439 0.008792 0.014680 0.013439 0.013439 0.014680 0.012231 0.004617 0.007705 0.008792 0.025849 0.007705 0.008792 0.009908 0.021391 
0.015953 0.008792 0.006648 0.006648 0.000000 0.011054 0.015953 0.012231 0.012231 0.011054 0.001771 0.006648 0.015953 0.018602 0.019978 0.021391 0.009908 0.003642 0.008792 0.007705 0.015953 0.006648 0.013439 0.013439 0.006648 0.007705 0.007705 0.007705 
0.004617 0.008792 0.011054 0.009908 0.003642 0.015953 0.005619 0.021391 0.018602 0.011054 0.022839 0.014680 0.002694 0.009908 0.008792 0.006724 0.011516 0.004206 0.007705 0.012231 0.004617 0.021391 0.030655 0.003642 0.005619 0.003642 0.004617 0.008792 
0.004617 0.002694 0.018602 0.008792 0.006648 0.006648 0.007705 0.012113 0.023949 0.032117 0.022718 0.032535 0.052153 0.119249 0.131927 0.168627 0.212830 0.139200 0.089549 0.068632 0.044326 0.030040 0.025822 0.024149 0.017416 0.005619 0.004617 0.002694 
0.018602 0.017260 0.009908 0.005619 0.017260 0.013439 0.024119 0.028465 0.050334 0.086900 0.184828 0.235538 0.368551 0.539956 0.571776 0.643705 0.699545 0.650903 0.550612 0.419295 0.283318 0.224830 0.120900 0.060265 0.036942 0.014284 0.025562 0.021391 
0.014680 0.024325 0.012231 0.017260 0.008792 0.047357 0.023533 0.042219 0.166795 0.304072 0.443881 0.595557 0.821170 0.961840 0.999566 0.979705 1.000000 1.000000 0.972782 0.830923 0.768026 0.553555 0.323252 0.201088 0.133099 0.050489 0.030466 0.017260 
0.030655 0.013439 0.019978 0.003642 0.006648 0.014680 0.035194 0.088372 0.313392 0.586443 0.736250 0.929825 1.000000 1.000000 1.000000 0.949168 0.908786 0.956723 0.917092 0.878322 0.864153 0.668948 0.473392 0.265741 0.092813 0.037215 0.014303 0.009908 
0.018602 0.022839 0.004617 0.006648 0.005619 0.018542 0.035654 0.155218 0.468031 0.776228 1.000000 0.000000 1.000000 0.929478 0.718184 0.565695 0.448311 0.493403 0.474262 0.467457 0.470862 0.464834 0.269659 0.171605 0.063552 0.012180 0.002733 0.018602 
0.009908 0.005619 0.012231 0.012231 0.018602 0.013025 0.000000 0.185893 0.497111 0.849653 1.000000 1.000000 0.879544 0.670556 0.484775 0.398983 0.340568 0.339025 0.295458 0.000000 0.262051 0.159306 0.156616 0.139105 0.075360 0.057954 0.013333 0.018992 
0.005619 0.011054 0.017260 0.007705 0.004617 0.028950 0.084134 0.259099 0.615980 1.000000 1.000000 0.976959 0.691278 0.403501 0.327016 0.252916 0.137011 0.133122 0.129947 0.154413 0.114493 0.083861 0.074285 0.059784 0.058238 0.037108 0.033722 0.000000 
0.000000 0.030655 0.014680 0.008792 0.004617 0.033664 0.073709 0.223431 0.740315 1.000000 1.000000 1.000000 0.686500 0.445131 0.318971 0.217192 0.152454 0.133632 0.056532 0.055754 0.042090 0.032582 0.024542 0.014824 0.009655 0.006456 0.015953 0.003642 
0.013439 0.014680 0.004617 0.022839 0.014680 0.000000 0.043511 0.252157 0.751650 1.000000 1.000000 1.000000 0.892189 0.858046 0.778804 0.611427 0.364868 0.235305 0.139096 0.082925 0.070169 0.025381 0.015184 0.008398 0.012231 0.015953 0.019978 0.011054 
0.000000 0.007705 0.013439 0.017260 0.019978 0.009072 0.044595 0.239448 0.000000 0.904084 1.000000 1.000000 1.000000 0.976342 0.938698 0.920978 0.000000 0.521579 0.336775 0.188562 0.076016 0.059306 0.047753 0.014578 0.007560 0.022839 0.015953 0.005619 
0.018602 0.005619 0.014680 0.012231 0.021391 0.009444 0.033843 0.176278 0.409314 0.632964 0.855051 0.987706 1.000000 0.874937 0.911159 0.810562 0.779460 0.730103 0.535968 0.335128 0.163216 0.081143 0.043349 0.032898 0.010130 0.019978 0.013439 0.018602 
0.012231 0.022839 0.009908 0.000873 0.022839 0.018378 0.016337 0.084941 0.305176 0.406643 0.546965 0.679332 0.700785 0.669439 0.727742 0.682330 0.762652 0.818074 0.685954 0.556628 0.270365 0.123755 0.062513 0.041707 0.021631 0.013439 0.027412 0.007705 
0.005619 0.012231 0.015953 0.008792 0.018602 0.005135 0.017136 0.024180 0.000000 0.170383 0.000000 0.282042 0.251667 0.267280 0.310085 0.375729 0.580261 0.776669 0.873803 0.606598 0.352301 0.146986 0.038361 0.031149 0.021699 0.022839 0.018602 0.017260 
0.015953 0.012231 0.000000 0.006648 0.000000 0.009053 0.003147 0.013169 0.035101 0.093378 0.099610 0.057380 0.096949 0.146574 0.102909 0.185214 0.357119 0.742639 0.000000 0.802314 0.349831 0.201338 0.000000 0.029913 0.012777 0.012231 0.027412 0.008792 
0.014680 0.012231 0.025849 0.008792 0.012231 0.020902 0.039728 0.050038 0.085310 0.102581 0.053655 0.043174 0.060250 0.083635 0.087845 0.161099 0.341074 0.654339 0.878475 0.783948 0.456451 0.213821 0.060250 0.000000 0.024910 0.008792 0.018602 0.011054 
0.012231 0.014680 0.024325 0.013439 0.016672 0.030265 0.096262 0.135577 0.219524 0.193588 0.129848 0.090364 0.059132 0.106021 0.168351 0.258451 0.396637 0.772978 0.820396 0.715627 0.468826 0.213718 0.049640 0.030662 0.010478 0.006648 0.014680 0.025849 
0.007705 0.017260 0.014680 0.007705 0.014232 0.030862 0.142769 0.224744 0.332511 0.387090 0.322596 0.269094 0.242379 0.288690 0.352203 0.447255 0.686355 0.880038 0.903614 0.621418 0.339866 0.137746 0.058030 0.020937 0.018602 0.006648 0.014680 0.032338 
0.005619 0.008792 0.001771 0.013439 0.014314 0.051889 0.129242 0.289957 0.577480 0.662315 0.774287 0.610346 0.612214 0.647633 0.805302 0.847584 1.000000 1.000000 0.883703 0.587427 0.246386 0.052370 0.041995 0.019348 0.011054 0.025849 0.000000 0.000873 
0.009908 0.013439 0.013439 0.029013 0.002015 0.039253 0.080453 0.000000 0.491095 0.000000 0.997617 1.000000 0.996936 0.997144 0.000000 1.000000 1.000000 0.900549 0.667693 0.374883 0.135492 0.030082 0.018461 0.000000 0.011054 0.015953 0.009908 0.008792 
0.014680 0.021391 0.013439 0.004617 0.015953 0.030407 0.072940 0.132792 0.258830 0.531537 0.742950 1.000000 1.000000 1.000000 1.000000 1.000000 0.827489 0.547348 0.345425 0.147562 0.039565 0.027744 0.022973 0.012231 0.002694 0.000000 0.025849 0.025849 
0.029013 0.007705 0.011054 0.011054 0.017260 0.013598 0.017416 0.044934 0.077508 0.147849 0.266388 0.431362 0.465952 0.566394 0.605049 0.491788 0.366649 0.188214 0.103163 0.035154 0.026558 0.020982 0.005821 0.018602 0.017260 0.000000 0.014680 0.019978 
0.024325 0.018602 0.019978 0.014680 0.015953 0.014680 0.027079 0.030140 0.027315 0.055727 0.060681 0.102283 0.127387 0.098726 0.104475 0.068284 0.048846 0.043087 0.032475 0.025033 0.018602 0.024325 0.019978 0.003642 0.011054 0.008792 0.017260 0.014680 
0.024325 0.013439 0.005619 0.013439 0.013439 0.000000 0.012231 0.006428 0.024154 0.017513 0.032077 0.020886 0.022958 0.014207 0.022457 0.015430 0.005619 0.021391 0.003642 0.006648 0.006648 0.007705 0.035829 0.015953 0.012231 0.012231 0.021391 0.012231 
0.019978 0.017260 0.001771 0.014680 0.006648 0.017260 0.009908 0.009908 0.006648 0.008792 0.018602 0.013439 0.019978 0.006648 0.007705 0.007705 0.004617 0.014680 0.005619 0.021391 0.004617 0.009908 0.012231 0.000000 0.011054 0.007705 0.014680 0.006648 
