0.009994 0.004161 0.000645 0.013869 0.004926 0.010923 0.014906 0.007354 0.009089 0.004926 0.015971 0.017065 0.004926 0.000645 0.009994 0.009089 0.004926 0.004161 0.012860 0.002695 0.014906 0.020528 0.009994 0.009994 0.012860 0.009089 0.015971 0.001309 
0.001309 0.007354 0.010923 0.007354 0.017065 0.020528 0.004161 0.004926 0.009994 0.013869 0.019343 0.001309 0.000000 0.009994 0.006522 0.010923 0.009994 0.009994 0.010923 0.009089 0.003418 0.005713 0.006522 0.019343 0.005713 0.006522 0.007354 0.015971 
0.011879 0.006522 0.004926 0.004926 0.000000 0.008210 0.011879 0.009089 0.009089 0.008210 0.001309 0.004926 0.011879 0.013869 0.014906 0.015971 0.007354 0.002695 0.006522 0.005713 0.011879 0.004926 0.009994 0.009994 0.004926 0.005713 0.005713 0.005713 
0.003418 0.006522 0.008210 0.007354 0.002695 0.011879 0.004161 0.015971 0.013869 0.008210 0.017065 0.010923 0.001992 0.007354 0.006522 0.004983 0.008555 0.003113 0.005713 0.009089 0.003418 0.015971 0.022994 0.002695 0.004161 0.002695 0.003418 0.006522 
0.003418 0.001992 0.013869 0.006522 0.004926 0.004926 0.005713 0.009002 0.017904 0.024108 0.016973 0.024427 0.039529 0.093176 0.103766 0.134549 0.172424 0.109633 0.069048 0.052423 0.033471 0.022526 0.019322 0.018055 0.012977 0.004161 0.003418 0.001992 
0.013869 0.012860 0.007354 0.004161 0.012860 0.009994 0.018032 0.021334 0.038171 0.066953 0.175727 0.239272 0.361965 0.535787 0.566906 0.644837 0.714348 0.649515 0.542810 0.402675 0.252271 0.200860 0.119107 0.069968 0.051694 0.034305 0.033799 0.015971 
0.010923 0.018189 0.009089 0.012860 0.006522 0.035812 0.017589 0.031854 0.132825 0.281057 0.464101 0.619502 0.831379 0.982026 1.000000 1.000000 1.000000 1.000000 1.000000 0.944133 0.859437 0.616246 0.341731 0.230744 0.165687 0.071560 0.055916 0.012860 
0.022994 0.009994 0.014906 0.002695 0.004926 0.010923 0.026933 0.071705 0.282395 0.593453 0.783572 1.000000 1.000000 1.000000 1.000000 1.000000 0.989615 1.000000 1.000000 0.976736 0.960461 0.746602 0.502193 0.275583 0.089979 0.028005 0.010640 0.007354 
0.013869 0.017065 0.003418 0.004926 0.004161 0.013824 0.045623 0.153590 0.455752 0.814022 1.000000 0.000000 1.000000 1.000000 0.784111 0.614730 0.474883 0.511260 0.492452 0.482491 0.487985 0.481752 0.263944 0.184141 0.083787 0.009052 0.002021 0.013869 
0.007354 0.004161 0.009089 0.009089 0.013869 0.014458 0.000000 0.180372 0.488147 0.919087 1.000000 1.000000 0.945138 0.682805 0.469242 0.363746 0.305425 0.298786 0.255147 0.000000 0.254106 0.144250 0.127143 0.118964 0.062643 0.044058 0.009914 0.014163 
0.004161 0.008210 0.012860 0.005713 0.003418 0.035334 0.095166 0.245933 0.603710 0.990684 0.999029 0.993680 0.692739 0.356715 0.274157 0.207494 0.107822 0.104591 0.102936 0.129011 0.093769 0.064520 0.056908 0.045498 0.044281 0.027935 0.025333 0.000000 
0.000000 0.022994 0.010923 0.006522 0.003418 0.028860 0.081783 0.213901 0.731855 1.000000 1.000000 1.000000 0.691757 0.392452 0.275322 0.183939 0.133738 0.105004 0.042946 0.042340 0.031757 0.024468 0.018354 0.011039 0.007166 0.004784 0.011879 0.002695 
0.009994 0.010923 0.003418 0.017065 0.010923 0.000000 0.057211 0.240841 0.756208 1.000000 1.000000 1.000000 0.925874 0.883822 0.792017 0.607400 0.367907 0.216075 0.114581 0.063752 0.053635 0.018988 0.011302 0.006229 0.009089 0.011879 0.014906 0.008210 
0.000000 0.005713 0.009994 0.012860 0.014906 0.006731 0.037255 0.224834 0.000000 0.993169 1.000000 1.000000 1.000000 1.000000 0.983925 0.953101 0.000000 0.531272 0.349985 0.179976 0.063070 0.045103 0.036119 0.010847 0.005605 0.017065 0.011879 0.004161 
0.013869 0.004161 0.010923 0.009089 0.015971 0.007009 0.025426 0.150411 0.384247 0.687422 0.926381 0.988881 0.996713 0.908685 0.944281 0.855021 0.820732 0.748478 0.544559 0.334750 0.161652 0.081249 0.037512 0.024704 0.007520 0.014906 0.009994 0.013869 
0.009089 0.017065 0.007354 0.000645 0.017065 0.013701 0.012166 0.066257 0.285432 0.429197 0.600682 0.721901 0.701877 0.682912 0.767700 0.739174 0.813883 0.855257 0.687436 0.549320 0.263530 0.127452 0.073378 0.039426 0.016153 0.009994 0.020528 0.005713 
0.004161 0.009089 0.011879 0.006522 0.013869 0.010628 0.014808 0.018079 0.000000 0.184527 0.000000 0.294870 0.276438 0.312417 0.350864 0.417918 0.642174 0.842204 0.865192 0.594875 0.338224 0.152501 0.059152 0.047697 0.016203 0.017065 0.013869 0.012860 
0.011879 0.009089 0.000000 0.004926 0.000000 0.037483 0.025603 0.013356 0.040941 0.115213 0.120363 0.085919 0.118157 0.159848 0.118779 0.221614 0.411610 0.835525 0.000000 0.773655 0.305135 0.193929 0.000000 0.052675 0.023116 0.009089 0.020528 0.006522 
0.010923 0.009089 0.019343 0.006522 0.009089 0.038917 0.061123 0.062201 0.087905 0.122823 0.082935 0.074583 0.088226 0.100055 0.074046 0.141945 0.380607 0.755729 0.937137 0.743823 0.408943 0.208635 0.076171 0.000000 0.032258 0.006522 0.013869 0.008210 
0.009089 0.010923 0.018189 0.009994 0.012418 0.027169 0.108628 0.146135 0.218140 0.221510 0.152172 0.109099 0.072474 0.090936 0.134112 0.227581 0.445223 0.872694 0.874293 0.676774 0.442933 0.213151 0.067879 0.046339 0.011333 0.004926 0.010923 0.019343 
0.005713 0.012860 0.010923 0.005713 0.010588 0.023152 0.131969 0.253973 0.338667 0.375768 0.325658 0.258954 0.220548 0.263635 0.350666 0.441325 0.757474 1.000000 0.959168 0.603035 0.326731 0.142450 0.067505 0.019186 0.013869 0.004926 0.010923 0.024277 
0.004161 0.006522 0.001309 0.009994 0.010649 0.039325 0.102325 0.296567 0.582239 0.661668 0.771081 0.610401 0.616944 0.679995 0.875391 0.946204 1.000000 1.000000 0.920856 0.566319 0.241849 0.063072 0.033724 0.014431 0.008210 0.019343 0.000000 0.000645 
0.007354 0.009994 0.009994 0.021745 0.001489 0.029568 0.061784 0.000000 0.482701 0.000000 1.000000 1.000000 1.000000 1.000000 0.000000 1.000000 1.000000 0.967952 0.694665 0.375016 0.133126 0.024603 0.013763 0.000000 0.008210 0.011879 0.007354 0.006522 
0.010923 0.015971 0.009994 0.003418 0.011879 0.022805 0.055824 0.105005 0.237447 0.531271 0.770637 0.996044 0.999979 1.000000 1.000000 1.000000 0.887546 0.563839 0.355731 0.148933 0.029807 0.020781 0.017166 0.009089 0.001992 0.000000 0.019343 0.019343 
0.021745 0.005713 0.008210 0.008210 0.012860 0.010113 0.012977 0.033941 0.059443 0.120885 0.263084 0.447865 0.483677 0.572428 0.599566 0.481637 0.367030 0.197242 0.123599 0.033303 0.019881 0.015662 0.004312 0.013869 0.012860 0.000000 0.010923 0.014906 
0.018189 0.013869 0.014906 0.010923 0.011879 0.010923 0.020275 0.022602 0.020455 0.042310 0.048659 0.096561 0.128872 0.100054 0.109768 0.065036 0.037360 0.032516 0.024381 0.018724 0.013869 0.018189 0.014906 0.002695 0.008210 0.006522 0.012860 0.010923 
0.018189 0.009994 0.004161 0.009994 0.009994 0.000000 0.009089 0.004763 0.018059 0.013050 0.024078 0.015590 0.017155 0.010569 0.016776 0.011486 0.004161 0.015971 0.002695 0.004926 0.004926 0.005713 0.026943 0.011879 0.009089 0.009089 0.015971 0.009089 
0.014906 0.012860 0.001309 0.010923 0.004926 0.012860 0.007354 0.007354 0.004926 0.006522 0.013869 0.009994 0.014906 0.004926 0.005713 0.005713 0.003418 0.010923 0.004161 0.015971 0.003418 0.007354 0.009089 0.000000 0.008210 0.005713 0.010923 0.004926 
