0.007236 0.003003 0.000465 0.010063 0.003557 0.007913 0.010821 0.005317 0.006578 0.003557 0.011601 0.012404 0.003557 0.000465 0.007236 0.006578 0.003557 0.003003 0.009326 0.001943 0.010821 0.014949 0.007236 0.007236 0.009326 0.006578 0.011601 0.000943 
0.000943 0.005317 0.007913 0.005317 0.012404 0.014949 0.003003 0.003557 0.007236 0.010063 0.014077 0.000943 0.000000 0.007236 0.004713 0.007913 0.007236 0.007236 0.007913 0.006578 0.002466 0.004127 0.004713 0.014077 0.004127 0.004713 0.005317 0.011601 
0.008609 0.004713 0.003557 0.003557 0.000000 0.005938 0.008609 0.006578 0.006578 0.005938 0.000943 0.003557 0.008609 0.010063 0.010821 0.011601 0.005317 0.001943 0.004713 0.004127 0.008609 0.003557 0.007236 0.007236 0.003557 0.004127 0.004127 0.004127 
0.002466 0.004713 0.005938 0.005317 0.001943 0.008609 0.003003 0.011601 0.010063 0.005938 0.012404 0.007913 0.001436 0.005317 0.004713 0.003598 0.006189 0.002245 0.004127 0.006578 0.002466 0.011601 0.016767 0.001943 0.003003 0.001943 0.002466 0.004713 
0.002466 0.001436 0.010063 0.004713 0.003557 0.003557 0.004127 0.006514 0.013019 0.017589 0.012336 0.017825 0.029078 0.074734 0.117316 0.147720 0.181274 0.123012 0.083142 0.054681 0.024543 0.016421 0.014061 0.013130 0.009411 0.003003 0.002466 0.001436 
0.010063 0.009326 0.005317 0.003003 0.009326 0.007236 0.013114 0.015542 0.028059 0.049944 0.145548 0.206389 0.310870 0.485899 0.563894 0.646900 0.722325 0.675194 0.585235 0.425109 0.264019 0.213410 0.128000 0.060348 0.039584 0.026264 0.025473 0.011601 
0.007913 0.013228 0.006578 0.009326 0.004713 0.026292 0.012788 0.023338 0.102176 0.233716 0.431038 0.590568 0.815774 0.989350 1.000000 1.000000 1.000000 1.000000 1.000000 0.983169 0.901057 0.659153 0.377795 0.217856 0.149907 0.055082 0.043042 0.009326 
0.016767 0.007236 0.010821 0.001943 0.003557 0.007913 0.020074 0.056238 0.233048 0.540212 0.769827 0.998095 1.000000 1.000000 1.000000 1.000000 1.000000 1.000000 1.000000 0.974975 0.964236 0.745256 0.486106 0.244380 0.080170 0.020475 0.007707 0.005317 
0.010063 0.012404 0.002466 0.003557 0.003003 0.010030 0.046813 0.142734 0.445402 0.843873 1.000000 0.000000 1.000000 1.000000 0.891555 0.707936 0.536153 0.539582 0.492942 0.459105 0.462328 0.444602 0.218133 0.145525 0.063576 0.006550 0.001457 0.010063 
0.005317 0.003003 0.006578 0.006578 0.010063 0.013569 0.000000 0.199369 0.513048 0.984624 1.000000 1.000000 1.000000 0.778788 0.567499 0.452084 0.338228 0.301508 0.260527 0.000000 0.255910 0.153682 0.113468 0.094979 0.051244 0.033988 0.007178 0.010278 
0.003003 0.005938 0.009326 0.004127 0.002466 0.035201 0.142782 0.273343 0.604810 1.000000 1.000000 1.000000 0.733730 0.431479 0.354873 0.260222 0.148934 0.136774 0.125764 0.147386 0.118295 0.094699 0.088655 0.075760 0.078715 0.049107 0.018496 0.000000 
0.000000 0.016767 0.007913 0.004713 0.002466 0.023652 0.126081 0.244970 0.730372 1.000000 1.000000 1.000000 0.728496 0.437486 0.342101 0.229860 0.181086 0.157152 0.095974 0.076563 0.064334 0.060267 0.058654 0.052306 0.046325 0.045303 0.008609 0.001943 
0.007236 0.007913 0.002466 0.012404 0.007913 0.000000 0.080811 0.267310 0.766777 0.994203 1.000000 1.000000 1.000000 0.964007 0.832783 0.610872 0.357584 0.206872 0.122008 0.061917 0.039742 0.018228 0.020732 0.014015 0.008045 0.014452 0.010821 0.005938 
0.000000 0.004127 0.007236 0.009326 0.010821 0.004865 0.029977 0.205536 0.000000 1.000000 1.000000 1.000000 1.000000 0.993075 0.988514 0.984198 0.000000 0.522915 0.351626 0.188815 0.056068 0.033274 0.026522 0.007857 0.004048 0.012404 0.008609 0.003003 
0.010063 0.003003 0.007913 0.006578 0.011601 0.005066 0.018713 0.116889 0.322761 0.635411 0.896868 0.994113 0.994152 0.946812 0.981638 0.912999 0.864968 0.758429 0.535297 0.337532 0.158084 0.074727 0.030698 0.018030 0.005437 0.010821 0.007236 0.010063 
0.006578 0.012404 0.005317 0.000465 0.012404 0.009986 0.009062 0.049655 0.233031 0.365225 0.530318 0.665620 0.694643 0.693710 0.780170 0.762344 0.864133 0.879476 0.679778 0.539778 0.250260 0.121251 0.073834 0.034264 0.011735 0.007236 0.014949 0.004127 
0.003003 0.006578 0.008609 0.004713 0.010063 0.012367 0.012409 0.019230 0.000000 0.145954 0.000000 0.246345 0.262454 0.305870 0.359101 0.415940 0.674884 0.880878 0.872198 0.569939 0.317781 0.142112 0.066206 0.052566 0.011772 0.012404 0.010063 0.009326 
0.008609 0.006578 0.000000 0.003557 0.000000 0.049720 0.035121 0.038295 0.061386 0.108893 0.098608 0.065298 0.105318 0.168585 0.136133 0.242792 0.450252 0.871220 0.000000 0.725899 0.258985 0.170058 0.000000 0.061118 0.026039 0.006578 0.014949 0.004713 
0.007913 0.006578 0.014077 0.004713 0.006578 0.045064 0.067709 0.080942 0.094866 0.130586 0.111556 0.081830 0.068554 0.113355 0.099828 0.159042 0.425252 0.819256 0.992963 0.693763 0.348448 0.186234 0.079596 0.000000 0.032887 0.004713 0.010063 0.005938 
0.006578 0.007913 0.013228 0.007236 0.009003 0.022401 0.101653 0.140627 0.238374 0.272269 0.201499 0.133714 0.072512 0.102186 0.148124 0.261504 0.534039 0.943481 0.931558 0.634151 0.398597 0.193884 0.073007 0.050748 0.010719 0.003557 0.007913 0.014077 
0.004127 0.009326 0.007913 0.004127 0.007668 0.016883 0.130140 0.281795 0.368703 0.421591 0.356757 0.260351 0.225199 0.273534 0.401874 0.559004 0.856403 1.000000 0.978917 0.567093 0.295161 0.133465 0.067163 0.016485 0.010063 0.003557 0.007913 0.017714 
0.003003 0.004713 0.000943 0.007236 0.007713 0.028924 0.104153 0.359336 0.648382 0.727510 0.822825 0.621962 0.646323 0.770154 1.000000 1.000000 1.000000 1.000000 0.883863 0.520906 0.218785 0.063699 0.026171 0.010474 0.005938 0.014077 0.000000 0.000465 
0.005317 0.007236 0.007236 0.015845 0.001073 0.021785 0.046211 0.000000 0.521704 0.000000 1.000000 1.000000 1.000000 1.000000 0.000000 1.000000 1.000000 0.936585 0.646376 0.336447 0.118032 0.019385 0.009986 0.000000 0.005938 0.008609 0.005317 0.004713 
0.007913 0.011601 0.007236 0.002466 0.008609 0.016833 0.041652 0.080054 0.208369 0.548903 0.827432 1.000000 1.000000 1.000000 1.000000 1.000000 0.868080 0.499028 0.302930 0.120321 0.021814 0.015135 0.012478 0.006578 0.001436 0.000000 0.014077 0.014077 
0.015845 0.004127 0.005938 0.005938 0.009326 0.007322 0.009560 0.025043 0.044324 0.118942 0.247854 0.456785 0.471610 0.554278 0.560023 0.419890 0.306969 0.156446 0.095311 0.024519 0.014472 0.011375 0.003112 0.010063 0.009326 0.000000 0.007913 0.010821 
0.013228 0.010063 0.010821 0.007913 0.008609 0.007913 0.014763 0.016478 0.014895 0.031169 0.035980 0.073181 0.099154 0.075990 0.083761 0.048552 0.027453 0.023831 0.017791 0.013622 0.010063 0.013228 0.010821 0.001943 0.005938 0.004713 0.009326 0.007913 
0.013228 0.007236 0.003003 0.007236 0.007236 0.000000 0.006578 0.003438 0.013133 0.009465 0.017567 0.011322 0.012469 0.007655 0.012191 0.008323 0.003003 0.011601 0.001943 0.003557 0.003557 0.004127 0.019688 0.008609 0.006578 0.006578 0.011601 0.006578 
0.010821 0.009326 0.000943 0.007913 0.003557 0.009326 0.005317 0.005317 0.003557 0.004713 0.010063 0.007236 0.010821 0.003557 0.004127 0.004127 0.002466 0.007913 0.003003 0.011601 0.002466 0.005317 0.006578 0.000000 0.005938 0.004127 0.007913 0.003557 
