0.095790 0.043943 0.007288 0.125656 0.051314 0.103242 0.133146 0.073500 0.088349 0.051314 0.140646 0.148155 0.051314 0.007288 0.095790 0.088349 0.051314 0.043943 0.118175 0.029240 0.133146 0.170732 0.095790 0.095790 0.118175 0.088349 0.140646 0.014591 
0.014591 0.073500 0.103242 0.073500 0.148155 0.170732 0.043943 0.051314 0.095790 0.125656 0.163198 0.014591 0.000000 0.095790 0.066093 0.103242 0.095790 0.095790 0.103242 0.088349 0.036585 0.058698 0.066093 0.163198 0.058698 0.066093 0.073500 0.140646 
0.110703 0.066093 0.051314 0.051314 0.000000 0.080919 0.110703 0.088349 0.088349 0.080919 0.014591 0.051314 0.110703 0.125656 0.133146 0.140646 0.073500 0.029240 0.066093 0.058698 0.110703 0.051314 0.095790 0.095790 0.051314 0.058698 0.058698 0.058698 
0.036585 0.066093 0.080919 0.073500 0.029240 0.110703 0.043943 0.140646 0.125656 0.080919 0.148155 0.103242 0.021909 0.073500 0.066093 0.051314 0.073500 0.029240 0.058698 0.088349 0.036585 0.140646 0.185822 0.029240 0.043943 0.029240 0.036585 0.066093 
0.036585 0.021909 0.125656 0.066093 0.051314 0.051314 0.058698 0.066093 0.103242 0.133146 0.066093 0.021909 0.056268 0.132043 0.076021 0.140292 0.230798 0.169036 0.184766 0.147535 0.136300 0.109728 0.101254 0.110466 0.119050 0.043943 0.036585 0.021909 
0.125656 0.118175 0.073500 0.043943 0.118175 0.095790 0.125656 0.080919 0.030414 0.159485 0.202622 0.079040 0.159762 0.195226 0.110712 0.115065 0.208388 0.144187 0.125038 0.148629 0.188966 0.228763 0.145023 0.115365 0.157154 0.074699 0.148155 0.140646 
0.103242 0.155672 0.088349 0.118175 0.066093 0.254078 0.095790 0.079073 0.151393 0.085216 0.149691 0.229476 0.182989 0.177137 0.300183 0.149533 0.190085 0.132188 0.196195 0.260858 0.231708 0.213012 0.156449 0.141758 0.206710 0.150827 0.088349 0.118175 
0.185822 0.095790 0.133146 0.029240 0.051314 0.103242 0.153449 0.106510 0.122640 0.119497 0.170285 0.214726 0.236692 0.286495 0.217955 0.238786 0.227109 0.281775 0.226768 0.236943 0.274461 0.171417 0.210064 0.111309 0.070730 0.117039 0.034370 0.073500 
0.125656 0.148155 0.036585 0.051314 0.043943 0.103242 0.105055 0.158023 0.166913 0.198252 0.253287 0.000000 0.181850 0.208092 0.197304 0.208394 0.136103 0.198932 0.129401 0.129199 0.172473 0.252093 0.075851 0.042245 0.107265 0.045004 0.012686 0.125656 
0.073500 0.043943 0.088349 0.088349 0.125656 0.066093 0.000000 0.128526 0.152722 0.128856 0.188941 0.235787 0.194300 0.170473 0.176855 0.179139 0.185685 0.208690 0.115114 0.000000 0.126496 0.110708 0.162128 0.173961 0.110189 0.125656 0.043943 0.118175 
0.043943 0.080919 0.118175 0.058698 0.036585 0.165005 0.117791 0.075359 0.193142 0.199477 0.221620 0.271190 0.170427 0.144837 0.231089 0.197790 0.091452 0.072190 0.090198 0.143403 0.135375 0.106953 0.111522 0.059691 0.141293 0.085422 0.170732 0.000000 
0.000000 0.185822 0.103242 0.066093 0.036585 0.199214 0.132245 0.133263 0.204346 0.177874 0.226235 0.182901 0.148785 0.123137 0.097083 0.105240 0.072350 0.170501 0.061565 0.122066 0.110703 0.118175 0.119162 0.032600 0.071839 0.049953 0.110703 0.029240 
0.095790 0.103242 0.036585 0.148155 0.103242 0.000000 0.048952 0.159900 0.196772 0.216420 0.208708 0.275610 0.194008 0.220266 0.224476 0.177327 0.073594 0.092157 0.113768 0.125205 0.150980 0.058698 0.066093 0.051314 0.088349 0.110703 0.133146 0.080919 
0.000000 0.058698 0.095790 0.118175 0.133146 0.044840 0.162009 0.117686 0.000000 0.188551 0.254553 0.278729 0.233724 0.189159 0.209009 0.260126 0.000000 0.150559 0.126947 0.122437 0.077868 0.110703 0.178273 0.080919 0.051314 0.148155 0.110703 0.043943 
0.125656 0.043943 0.103242 0.088349 0.140646 0.045091 0.075678 0.130204 0.154680 0.130702 0.191671 0.240599 0.262117 0.168278 0.259033 0.221020 0.124007 0.199739 0.190397 0.128047 0.054417 0.077936 0.073500 0.148155 0.066093 0.133146 0.095790 0.125656 
0.088349 0.148155 0.073500 0.007288 0.148155 0.119464 0.023172 0.094346 0.266225 0.198011 0.225666 0.234936 0.132264 0.214092 0.236075 0.137955 0.154402 0.222713 0.184381 0.230036 0.184875 0.138728 0.119299 0.140646 0.133146 0.095790 0.170732 0.058698 
0.043943 0.088349 0.110703 0.066093 0.125656 0.037291 0.104527 0.049593 0.000000 0.097659 0.000000 0.187632 0.103964 0.135539 0.153687 0.134901 0.172716 0.156548 0.185608 0.145173 0.146506 0.134526 0.011523 0.060606 0.125656 0.148155 0.125656 0.118175 
0.110703 0.088349 0.000000 0.051314 0.000000 0.066093 0.022759 0.056426 0.101567 0.201170 0.131587 0.062447 0.138825 0.205130 0.079054 0.101228 0.145021 0.156800 0.000000 0.242050 0.058706 0.161559 0.000000 0.055224 0.043943 0.088349 0.170732 0.066093 
0.103242 0.088349 0.163198 0.066093 0.088349 0.114167 0.113213 0.084546 0.071819 0.204899 0.135236 0.100692 0.139000 0.121520 0.113528 0.117513 0.106260 0.162411 0.249996 0.218758 0.160019 0.127930 0.103415 0.000000 0.148155 0.066093 0.125656 0.080919 
0.088349 0.103242 0.155672 0.095790 0.095790 0.078893 0.104815 0.145238 0.169058 0.171671 0.097617 0.088880 0.145406 0.166091 0.127450 0.094686 0.086230 0.277004 0.134715 0.160052 0.182689 0.133044 0.064473 0.092025 0.073500 0.051314 0.103242 0.163198 
0.058698 0.118175 0.103242 0.058698 0.073500 0.075890 0.136149 0.134094 0.110976 0.153300 0.088558 0.071064 0.114040 0.136153 0.120600 0.147140 0.219702 0.147796 0.141977 0.080563 0.105429 0.118048 0.144488 0.088544 0.125656 0.051314 0.103242 0.193380 
0.043943 0.066093 0.014591 0.095790 0.080919 0.092916 0.119649 0.121266 0.257795 0.227689 0.306283 0.129291 0.090812 0.151629 0.281503 0.178333 0.237399 0.265473 0.179061 0.173598 0.121481 0.051310 0.141775 0.118175 0.080919 0.163198 0.000000 0.007288 
0.073500 0.095790 0.095790 0.178273 0.014591 0.099681 0.091992 0.000000 0.201620 0.000000 0.292092 0.288649 0.264634 0.302464 0.000000 0.244248 0.269378 0.185649 0.107624 0.103998 0.112687 0.059119 0.103242 0.000000 0.080919 0.110703 0.073500 0.066093 
0.103242 0.140646 0.095790 0.036585 0.110703 0.103465 0.141539 0.182655 0.106925 0.214575 0.195672 0.267389 0.310685 0.205547 0.224164 0.221843 0.152851 0.094671 0.056049 0.080050 0.076542 0.148155 0.133146 0.088349 0.021909 0.000000 0.163198 0.163198 
0.178273 0.058698 0.080919 0.080919 0.118175 0.095790 0.022470 0.081929 0.071086 0.146039 0.155873 0.201517 0.142021 0.183378 0.201481 0.160218 0.103080 0.076844 0.052511 0.060472 0.140646 0.133146 0.043943 0.125656 0.118175 0.000000 0.103242 0.133146 
0.155672 0.125656 0.133146 0.103242 0.110703 0.103242 0.163198 0.149562 0.075771 0.156509 0.078883 0.125216 0.164113 0.097253 0.125656 0.073500 0.163198 0.148155 0.125656 0.155672 0.125656 0.155672 0.133146 0.029240 0.080919 0.066093 0.118175 0.103242 
0.155672 0.095790 0.043943 0.095790 0.095790 0.000000 0.088349 0.043943 0.133146 0.080919 0.163198 0.110703 0.125656 0.073500 0.125656 0.103242 0.043943 0.140646 0.029240 0.051314 0.051314 0.058698 0.208515 0.110703 0.088349 0.088349 0.140646 0.088349 
0.133146 0.118175 0.014591 0.103242 0.051314 0.118175 0.073500 0.073500 0.051314 0.066093 0.125656 0.095790 0.133146 0.051314 0.058698 0.058698 0.036585 0.103242 0.043943 0.140646 0.036585 0.073500 0.088349 0.000000 0.080919 0.058698 0.103242 0.051314 
