0.004919 0.002036 0.000315 0.006854 0.002413 0.005382 0.007374 0.003611 0.004470 0.002413 0.007910 0.008461 0.002413 0.000315 0.004919 0.004470 0.002413 0.002036 0.006349 0.001317 0.007374 0.010213 0.004919 0.004919 0.006349 0.004470 0.007910 0.000639 
0.000639 0.003611 0.005382 0.003611 0.008461 0.010213 0.002036 0.002413 0.004919 0.006854 0.009612 0.000639 0.000000 0.004919 0.003199 0.005382 0.004919 0.004919 0.005382 0.004470 0.001671 0.002800 0.003199 0.009612 0.002800 0.003199 0.003611 0.007910 
0.005859 0.003199 0.002413 0.002413 0.000000 0.004034 0.005859 0.004470 0.004470 0.004034 0.000639 0.002413 0.005859 0.006854 0.007374 0.007910 0.003611 0.001317 0.003199 0.002800 0.005859 0.002413 0.004919 0.004919 0.002413 0.002800 0.002800 0.002800 
0.001671 0.003199 0.004034 0.003611 0.001317 0.005859 0.002036 0.007910 0.006854 0.004034 0.008461 0.005382 0.000973 0.003611 0.003199 0.002440 0.004205 0.001522 0.002800 0.004470 0.001671 0.007910 0.011469 0.001317 0.002036 0.001317 0.001671 0.003199 
0.001671 0.000973 0.006854 0.003199 0.002413 0.002413 0.002800 0.004427 0.008884 0.012038 0.008415 0.012201 0.020043 0.053132 0.086855 0.110846 0.138906 0.095925 0.071020 0.047376 0.019219 0.026170 0.030474 0.040692 0.042162 0.037766 0.036303 0.000973 
0.006854 0.006349 0.003611 0.002036 0.006349 0.004919 0.008949 0.010623 0.019328 0.034864 0.110154 0.195284 0.252012 0.447527 0.532489 0.624355 0.692162 0.650283 0.568446 0.417018 0.291803 0.273261 0.206958 0.161413 0.126737 0.044897 0.025928 0.007910 
0.005382 0.009028 0.004470 0.006349 0.003199 0.018091 0.008725 0.016029 0.073480 0.182290 0.441167 0.605823 0.838927 0.995542 0.986989 0.988840 0.987501 0.999306 1.000000 1.000000 0.972519 0.736259 0.460460 0.291245 0.221584 0.038580 0.029935 0.006349 
0.011469 0.004919 0.007374 0.001317 0.002413 0.005382 0.013762 0.039425 0.178547 0.506168 0.790675 0.994657 0.996550 0.998044 0.998347 1.000000 1.000000 1.000000 1.000000 1.000000 1.000000 0.810300 0.532234 0.293886 0.136559 0.014038 0.005241 0.003611 
0.006854 0.008461 0.001671 0.002413 0.002036 0.006832 0.032722 0.105039 0.373235 0.848663 1.000000 0.000000 0.998368 0.999848 0.991986 0.798444 0.635572 0.615546 0.514992 0.467569 0.479299 0.420477 0.211122 0.138786 0.060162 0.004719 0.001135 0.006854 
0.003611 0.002036 0.004470 0.004470 0.006854 0.009287 0.000000 0.151113 0.471615 1.000000 1.000000 0.999799 0.993321 0.799469 0.517032 0.388647 0.275608 0.238905 0.203169 0.000000 0.198557 0.114058 0.083332 0.069284 0.037328 0.024711 0.005127 0.007001 
0.002036 0.004034 0.006349 0.002800 0.001671 0.024429 0.105692 0.213715 0.579019 1.000000 1.000000 0.991926 0.740889 0.393745 0.314945 0.223330 0.123164 0.107462 0.092194 0.109140 0.086415 0.068419 0.063876 0.054227 0.056463 0.034628 0.012665 0.000000 
0.000000 0.011469 0.005382 0.003199 0.001671 0.016269 0.092575 0.236861 0.745016 1.000000 1.000000 0.985758 0.691061 0.390846 0.302089 0.200629 0.159201 0.139634 0.084457 0.057353 0.045819 0.042869 0.041735 0.037131 0.032796 0.032072 0.005859 0.001317 
0.004919 0.005382 0.001671 0.008461 0.005382 0.000000 0.057849 0.273574 0.796774 1.000000 1.000000 1.000000 1.000000 0.993408 0.845587 0.622525 0.376716 0.210667 0.140394 0.052606 0.027573 0.012540 0.014389 0.009702 0.005491 0.009955 0.007374 0.004034 
0.000000 0.002800 0.004919 0.006349 0.007374 0.003302 0.034323 0.237136 0.000000 1.000000 1.000000 1.000000 1.000000 1.000000 1.000000 1.000000 0.000000 0.565428 0.383099 0.225113 0.056713 0.022995 0.018252 0.005344 0.002747 0.008461 0.005859 0.002036 
0.006854 0.002036 0.005382 0.004470 0.007910 0.003440 0.039902 0.179598 0.380579 0.725338 1.000000 1.000000 1.000000 1.000000 1.000000 1.000000 0.951537 0.832151 0.598362 0.374718 0.185646 0.096519 0.021206 0.012343 0.003693 0.007374 0.004919 0.006854 
0.004470 0.008461 0.003611 0.000315 0.008461 0.020232 0.060762 0.126983 0.278927 0.441454 0.570410 0.702313 0.714500 0.700533 0.778863 0.767697 0.889641 0.947594 0.738542 0.603616 0.267130 0.146955 0.052416 0.023735 0.008001 0.004919 0.010213 0.002800 
0.002036 0.004470 0.005859 0.003199 0.006854 0.035428 0.063200 0.107786 0.000000 0.185816 0.000000 0.208366 0.210314 0.252803 0.309673 0.357362 0.639058 0.870374 0.914416 0.634548 0.340891 0.163893 0.060808 0.036890 0.008027 0.008461 0.006854 0.006349 
0.005859 0.004470 0.000000 0.002413 0.000000 0.034881 0.051845 0.118541 0.113272 0.120933 0.074381 0.046001 0.077957 0.133253 0.109292 0.195934 0.404077 0.844361 0.000000 0.781915 0.300650 0.186922 0.000000 0.043123 0.017988 0.004470 0.010213 0.003199 
0.005382 0.004470 0.009612 0.003199 0.004470 0.033085 0.047938 0.069114 0.083123 0.117872 0.111435 0.068362 0.048460 0.087591 0.080241 0.126994 0.369826 0.813644 1.000000 0.742394 0.378329 0.200519 0.070803 0.000000 0.022795 0.003199 0.006854 0.004034 
0.004470 0.005382 0.009028 0.004919 0.006128 0.047139 0.075701 0.106035 0.203348 0.242564 0.211280 0.133241 0.062674 0.081671 0.118458 0.219366 0.512617 0.974419 1.000000 0.676649 0.398348 0.192553 0.051834 0.035574 0.007324 0.002413 0.005382 0.009612 
0.002800 0.006349 0.005382 0.002800 0.005215 0.045685 0.122426 0.222511 0.311898 0.381043 0.349251 0.252581 0.197532 0.243565 0.364128 0.541791 0.924655 1.000000 1.000000 0.598422 0.280209 0.097768 0.047495 0.011294 0.006854 0.002413 0.005382 0.012124 
0.002036 0.003199 0.000639 0.004919 0.005246 0.045188 0.124037 0.304738 0.568055 0.658723 0.797339 0.597761 0.615605 0.749779 0.985807 1.000000 1.000000 1.000000 0.920102 0.505279 0.166766 0.044961 0.018019 0.007136 0.004034 0.009612 0.000000 0.000315 
0.003611 0.004919 0.004919 0.010832 0.000727 0.055265 0.138005 0.000000 0.520093 0.000000 1.000000 1.000000 1.000000 1.000000 0.000000 1.000000 1.000000 0.988918 0.634403 0.268333 0.085731 0.013293 0.006801 0.000000 0.004034 0.005859 0.003611 0.003199 
0.005382 0.007910 0.004919 0.001671 0.005859 0.053314 0.109259 0.165839 0.280668 0.592440 0.868753 1.000000 1.000000 1.000000 1.000000 1.000000 0.888596 0.436386 0.238623 0.087412 0.014968 0.010342 0.008512 0.004470 0.000973 0.000000 0.009612 0.009612 
0.010832 0.002800 0.004034 0.004034 0.006349 0.004979 0.033412 0.057713 0.108001 0.177293 0.284419 0.459677 0.465759 0.548510 0.543930 0.381082 0.251848 0.115719 0.068291 0.016854 0.009885 0.007754 0.002110 0.006854 0.006349 0.000000 0.005382 0.007374 
0.009028 0.006854 0.007374 0.005382 0.005859 0.005382 0.010085 0.011269 0.012856 0.039553 0.046999 0.080850 0.100409 0.063255 0.063002 0.033865 0.018904 0.016373 0.012177 0.009299 0.006854 0.009028 0.007374 0.001317 0.004034 0.003199 0.006349 0.005382 
0.009028 0.004919 0.002036 0.004919 0.004919 0.000000 0.004470 0.002332 0.008963 0.006444 0.012022 0.007718 0.008506 0.005206 0.008315 0.005662 0.002036 0.007910 0.001317 0.002413 0.002413 0.002800 0.013492 0.005859 0.004470 0.004470 0.007910 0.004470 
0.007374 0.006349 0.000639 0.005382 0.002413 0.006349 0.003611 0.003611 0.002413 0.003199 0.006854 0.004919 0.007374 0.002413 0.002800 0.002800 0.001671 0.005382 0.002036 0.007910 0.001671 0.003611 0.004470 0.000000 0.004034 0.002800 0.005382 0.002413 
