0.003987 0.001649 0.000255 0.005560 0.001954 0.004363 0.005983 0.002925 0.003623 0.001954 0.006418 0.006867 0.001954 0.000255 0.003987 0.003623 0.001954 0.001649 0.005149 0.001066 0.005983 0.008295 0.003987 0.003987 0.005149 0.003623 0.006418 0.000517 
0.000517 0.002925 0.004363 0.002925 0.006867 0.008295 0.001649 0.001954 0.003987 0.005560 0.007805 0.000517 0.000000 0.003987 0.002592 0.004363 0.003987 0.003987 0.004363 0.003623 0.001353 0.002268 0.002592 0.007805 0.002268 0.002592 0.002925 0.006418 
0.004750 0.002592 0.001954 0.001954 0.000000 0.003269 0.004750 0.003623 0.003623 0.003269 0.000517 0.001954 0.004750 0.005560 0.005983 0.006418 0.002925 0.001066 0.002592 0.002268 0.004750 0.001954 0.003987 0.003987 0.001954 0.002268 0.002268 0.002268 
0.001353 0.002592 0.003269 0.002925 0.001066 0.004750 0.001649 0.006418 0.005560 0.003269 0.006867 0.004363 0.000787 0.002925 0.002592 0.001976 0.003408 0.001232 0.002268 0.003623 0.001353 0.006418 0.009319 0.001066 0.001649 0.001066 0.001353 0.002592 
0.001353 0.000787 0.005560 0.002592 0.001954 0.001954 0.002268 0.003587 0.007212 0.009783 0.006829 0.009916 0.016337 0.043821 0.072443 0.093144 0.117692 0.080254 0.058972 0.039031 0.016362 0.025502 0.030774 0.042277 0.044767 0.041084 0.039469 0.000787 
0.005560 0.005149 0.002925 0.001649 0.005149 0.003987 0.007265 0.008629 0.015751 0.028571 0.096946 0.186690 0.252766 0.439406 0.521880 0.634212 0.720521 0.658132 0.585001 0.389903 0.266010 0.250621 0.189725 0.148634 0.116565 0.044579 0.023483 0.006418 
0.004363 0.007329 0.003623 0.005149 0.002592 0.014736 0.007082 0.013046 0.061017 0.222353 0.475818 0.638415 0.869680 0.998367 1.000000 1.000000 1.000000 1.000000 0.998033 0.992039 0.936650 0.698852 0.426807 0.260155 0.193070 0.031659 0.024488 0.005149 
0.009319 0.003987 0.005983 0.001066 0.001954 0.004363 0.011192 0.032362 0.159457 0.526741 0.816537 0.994698 1.000000 1.000000 1.000000 1.000000 1.000000 0.996150 0.995814 0.994511 0.976632 0.786835 0.499904 0.261599 0.116803 0.011417 0.004249 0.002925 
0.005560 0.006867 0.001353 0.001954 0.001649 0.005541 0.026796 0.088102 0.333987 0.839801 0.993180 0.000000 1.000000 1.000000 1.000000 0.832825 0.678685 0.640203 0.541493 0.502159 0.514709 0.447753 0.242785 0.175429 0.093792 0.028775 0.013545 0.005560 
0.002925 0.001649 0.003623 0.003623 0.005560 0.007540 0.000000 0.128465 0.429110 0.979999 0.997357 1.000000 1.000000 0.832132 0.553046 0.416032 0.290542 0.256067 0.218805 0.000000 0.207883 0.141585 0.110354 0.088535 0.065135 0.049766 0.020972 0.005680 
0.001649 0.003269 0.005149 0.002268 0.001353 0.019945 0.088670 0.184661 0.534028 0.996852 1.000000 1.000000 0.772592 0.425902 0.337743 0.227372 0.146942 0.116503 0.094680 0.101524 0.082242 0.066171 0.068208 0.044742 0.046623 0.028377 0.010295 0.000000 
0.000000 0.009319 0.004363 0.002592 0.001353 0.013243 0.077350 0.206009 0.725299 1.000000 1.000000 1.000000 0.678780 0.411525 0.333807 0.213524 0.151645 0.123687 0.079899 0.048713 0.037696 0.035233 0.034288 0.030456 0.026859 0.026259 0.004750 0.001066 
0.003987 0.004363 0.001353 0.006867 0.004363 0.000000 0.047789 0.240686 0.786402 1.000000 1.000000 1.000000 1.000000 1.000000 0.861438 0.620750 0.379338 0.219742 0.130775 0.043414 0.022537 0.010193 0.011705 0.007879 0.004452 0.008084 0.005983 0.003269 
0.000000 0.002268 0.003987 0.005149 0.005983 0.002675 0.028196 0.212281 0.000000 1.000000 1.000000 1.000000 1.000000 0.994799 0.993410 0.992829 0.000000 0.563995 0.385659 0.213051 0.046919 0.018764 0.014868 0.004332 0.002224 0.006867 0.004750 0.001649 
0.005560 0.001649 0.004363 0.003623 0.006418 0.002786 0.032897 0.164874 0.354964 0.758361 1.000000 1.000000 1.000000 0.981337 0.975529 0.981301 0.953489 0.828477 0.592321 0.376936 0.169898 0.080958 0.017293 0.010032 0.002992 0.005983 0.003987 0.005560 
0.003623 0.006867 0.002925 0.000255 0.006867 0.016566 0.050517 0.118023 0.255773 0.442534 0.583581 0.713882 0.733280 0.723854 0.768753 0.731501 0.860613 0.948716 0.735910 0.598949 0.265348 0.125068 0.043219 0.019373 0.006493 0.003987 0.008295 0.002268 
0.001649 0.003623 0.004750 0.002592 0.005560 0.029177 0.052576 0.101225 0.000000 0.165616 0.000000 0.199659 0.222354 0.294409 0.336676 0.346270 0.602053 0.853581 0.912541 0.627522 0.345455 0.150339 0.050357 0.030254 0.006514 0.006867 0.005560 0.005149 
0.004750 0.003623 0.000000 0.001954 0.000000 0.028586 0.042880 0.105729 0.097616 0.102115 0.069434 0.052813 0.082485 0.157321 0.166661 0.232052 0.388659 0.807696 0.000000 0.779982 0.307714 0.173167 0.000000 0.035444 0.014651 0.003623 0.008295 0.002592 
0.004363 0.003623 0.007805 0.002592 0.003623 0.027130 0.039467 0.057354 0.069299 0.099336 0.096280 0.058593 0.054347 0.089609 0.132164 0.182821 0.373644 0.777304 0.992687 0.761849 0.381440 0.185474 0.058818 0.000000 0.018600 0.002592 0.005560 0.003269 
0.003623 0.004363 0.007329 0.003987 0.004969 0.039381 0.062953 0.092466 0.175330 0.214682 0.192431 0.116177 0.051902 0.086166 0.156377 0.269811 0.531970 0.938861 0.993177 0.702202 0.393317 0.168715 0.042731 0.029161 0.005942 0.001954 0.004363 0.007805 
0.002268 0.005149 0.004363 0.002268 0.004227 0.038205 0.103719 0.219718 0.290006 0.369708 0.321573 0.228400 0.184415 0.242280 0.380069 0.572262 0.932597 0.980911 0.993639 0.624824 0.257207 0.081820 0.039095 0.009176 0.005560 0.001954 0.004363 0.009854 
0.001649 0.002592 0.000517 0.003987 0.004252 0.037629 0.105525 0.297556 0.580933 0.665466 0.777110 0.581339 0.602999 0.735617 0.996933 1.000000 0.999220 1.000000 0.954984 0.499778 0.142377 0.036978 0.014677 0.005789 0.003269 0.007805 0.000000 0.000255 
0.002925 0.003987 0.003987 0.008799 0.000588 0.045986 0.118103 0.000000 0.546256 0.000000 0.999079 0.999017 0.998816 1.000000 0.000000 1.000000 1.000000 1.000000 0.656768 0.237573 0.071474 0.010808 0.005516 0.000000 0.003269 0.004750 0.002925 0.002592 
0.004363 0.006418 0.003987 0.001353 0.004750 0.044185 0.092481 0.158738 0.281926 0.600967 0.946913 1.000000 1.000000 1.000000 1.000000 1.000000 0.941147 0.466510 0.225830 0.072914 0.012178 0.008400 0.006909 0.003623 0.000787 0.000000 0.007805 0.007805 
0.008799 0.002268 0.003269 0.003269 0.005149 0.004036 0.027505 0.050717 0.113830 0.183390 0.302587 0.476220 0.509283 0.606779 0.587769 0.410009 0.247696 0.103685 0.056611 0.013722 0.008027 0.006292 0.001709 0.005560 0.005149 0.000000 0.004363 0.005983 
0.007329 0.005560 0.005983 0.004363 0.004750 0.004363 0.008190 0.009156 0.010649 0.033816 0.045702 0.084502 0.103967 0.069548 0.060029 0.032128 0.015403 0.013328 0.009897 0.007550 0.005560 0.007329 0.005983 0.001066 0.003269 0.002592 0.005149 0.004363 
0.007329 0.003987 0.001649 0.003987 0.003987 0.000000 0.003623 0.001888 0.007276 0.005226 0.009771 0.006262 0.006904 0.004220 0.006748 0.004591 0.001649 0.006418 0.001066 0.001954 0.001954 0.002268 0.010971 0.004750 0.003623 0.003623 0.006418 0.003623 
0.005983 0.005149 0.000517 0.004363 0.001954 0.005149 0.002925 0.002925 0.001954 0.002592 0.005560 0.003987 0.005983 0.001954 0.002268 0.002268 0.001353 0.004363 0.001649 0.006418 0.001353 0.002925 0.003623 0.000000 0.003269 0.002268 0.004363 0.001954 
