0.002870 0.001185 0.000183 0.004006 0.001405 0.003142 0.004312 0.002104 0.002607 0.001405 0.004627 0.004951 0.001405 0.000183 0.002870 0.002607 0.001405 0.001185 0.003709 0.000766 0.004312 0.005986 0.002870 0.002870 0.003709 0.002607 0.004627 0.000371 
0.000371 0.002104 0.003142 0.002104 0.004951 0.005986 0.001185 0.001405 0.002870 0.004006 0.005630 0.000371 0.000000 0.002870 0.001864 0.003142 0.002870 0.002870 0.003142 0.002607 0.000972 0.001631 0.001864 0.005630 0.001631 0.001864 0.002104 0.004627 
0.003421 0.001864 0.001405 0.001405 0.000000 0.002352 0.003421 0.002607 0.002607 0.002352 0.000371 0.001405 0.003421 0.004006 0.004312 0.004627 0.002104 0.000766 0.001864 0.001631 0.003421 0.001405 0.002870 0.002870 0.001405 0.001631 0.001631 0.001631 
0.000972 0.001864 0.002352 0.002104 0.000766 0.003421 0.001185 0.004627 0.004006 0.002352 0.004951 0.008193 0.027458 0.045885 0.018487 0.018041 0.027165 0.010248 0.001631 0.002607 0.000972 0.004627 0.006728 0.000766 0.001185 0.000766 0.000972 0.001864 
0.000972 0.000566 0.004006 0.001864 0.001405 0.001405 0.001631 0.002582 0.005201 0.007065 0.004924 0.030468 0.054324 0.082785 0.112126 0.130239 0.156623 0.124780 0.058823 0.028637 0.011865 0.018606 0.022522 0.031134 0.033016 0.030248 0.029034 0.000566 
0.004006 0.003709 0.002104 0.001185 0.003709 0.002870 0.005239 0.006228 0.011413 0.024750 0.104330 0.212467 0.270559 0.454155 0.545048 0.653854 0.738515 0.678100 0.574573 0.379508 0.265623 0.251892 0.198453 0.163361 0.123744 0.032857 0.017103 0.004627 
0.003142 0.005286 0.002607 0.003709 0.001864 0.010671 0.005107 0.009439 0.045278 0.187944 0.496002 0.681281 0.917543 1.000000 1.000000 0.994141 1.000000 1.000000 0.995859 0.985561 0.934885 0.679190 0.364043 0.209904 0.151987 0.023137 0.017828 0.003709 
0.006728 0.002870 0.004312 0.000766 0.001405 0.003142 0.008089 0.023660 0.127880 0.489083 0.855653 1.000000 1.000000 1.000000 0.985326 0.987218 0.986750 0.984929 0.984871 0.984744 0.954420 0.761559 0.461267 0.211864 0.089199 0.008253 0.003059 0.002104 
0.004006 0.004951 0.000972 0.001405 0.001185 0.003993 0.019532 0.073366 0.296531 0.842498 1.000000 0.000000 0.999452 0.985107 0.985189 0.851671 0.700515 0.660675 0.565661 0.520410 0.523880 0.419365 0.204016 0.146156 0.078519 0.026670 0.012987 0.004006 
0.002104 0.001185 0.002607 0.002607 0.004006 0.005439 0.000000 0.115319 0.432001 1.000000 1.000000 0.999474 0.995838 0.851620 0.578023 0.436816 0.316557 0.261757 0.227274 0.000000 0.200245 0.145811 0.108824 0.071843 0.053625 0.041810 0.018878 0.004092 
0.001185 0.002352 0.003709 0.001631 0.000972 0.014485 0.069612 0.204591 0.562552 1.000000 0.999636 0.998574 0.815296 0.432262 0.322725 0.213564 0.147121 0.118388 0.099695 0.092992 0.078779 0.064642 0.074810 0.032925 0.034343 0.020702 0.007437 0.000000 
0.000000 0.006728 0.003142 0.001864 0.000972 0.009582 0.092730 0.237588 0.766421 1.000000 0.999375 0.982952 0.690776 0.418206 0.312729 0.180700 0.118146 0.098413 0.075411 0.038236 0.027638 0.025798 0.025093 0.022244 0.019579 0.019135 0.003421 0.000766 
0.002870 0.003142 0.000972 0.004951 0.003142 0.000000 0.083250 0.259824 0.819846 1.000000 1.000000 0.998542 0.988901 0.980213 0.847196 0.600765 0.327576 0.175452 0.100527 0.031926 0.016390 0.007363 0.008462 0.005684 0.003206 0.005833 0.004312 0.002352 
0.000000 0.001631 0.002870 0.003709 0.004312 0.006651 0.068227 0.222615 0.000000 1.000000 1.000000 1.000000 1.000000 1.000000 1.000000 0.996274 0.000000 0.531475 0.333417 0.169341 0.034567 0.013618 0.010768 0.003119 0.001600 0.004951 0.003421 0.001185 
0.004006 0.001185 0.003142 0.002607 0.004627 0.002004 0.042444 0.172354 0.348161 0.772331 1.000000 1.000000 1.000000 1.000000 1.000000 1.000000 0.998786 0.833510 0.587696 0.325345 0.132704 0.060675 0.012540 0.007246 0.002152 0.004312 0.002870 0.004006 
0.002607 0.004951 0.002104 0.000183 0.004951 0.012009 0.037288 0.090086 0.220744 0.420190 0.588758 0.724097 0.767153 0.757701 0.792003 0.776513 0.906432 1.000000 0.812077 0.601492 0.224268 0.095686 0.031779 0.014065 0.004680 0.002870 0.005986 0.001631 
0.001185 0.002607 0.003421 0.001864 0.004006 0.021297 0.038849 0.076678 0.000000 0.130268 0.000000 0.188239 0.226227 0.298799 0.332442 0.355648 0.624751 0.900516 0.999193 0.689457 0.326556 0.116493 0.037166 0.022094 0.004696 0.004951 0.004006 0.003709 
0.003421 0.002607 0.000000 0.001405 0.000000 0.020857 0.031525 0.080220 0.073761 0.077308 0.064395 0.062361 0.089910 0.155680 0.163997 0.210872 0.357278 0.799646 0.000000 0.880753 0.357700 0.135473 0.000000 0.025955 0.010610 0.002607 0.005986 0.001864 
0.003142 0.002607 0.005630 0.001864 0.002607 0.019780 0.028963 0.042482 0.051639 0.075105 0.072708 0.044641 0.062629 0.093700 0.138711 0.177806 0.317733 0.700018 1.000000 0.864981 0.478580 0.166971 0.043598 0.000000 0.013498 0.001864 0.004006 0.002352 
0.002607 0.003142 0.005286 0.002870 0.003579 0.028903 0.046761 0.079351 0.186000 0.196087 0.200006 0.131790 0.052229 0.088748 0.168328 0.276223 0.541774 0.908752 1.000000 0.807076 0.493870 0.152584 0.031412 0.021283 0.004282 0.001405 0.003142 0.005630 
0.001631 0.003709 0.003142 0.001631 0.003044 0.028023 0.078583 0.219060 0.276501 0.353586 0.323643 0.249571 0.191778 0.241164 0.393492 0.588667 0.944975 0.987934 1.000000 0.730510 0.362039 0.081468 0.028685 0.006625 0.004006 0.001405 0.003142 0.007116 
0.001185 0.001864 0.000371 0.002870 0.003062 0.027591 0.080022 0.302633 0.548465 0.633294 0.749025 0.577239 0.598209 0.722493 1.000000 1.000000 1.000000 1.000000 1.000000 0.595678 0.195058 0.027101 0.010628 0.004171 0.002352 0.005630 0.000000 0.000183 
0.002104 0.002870 0.002870 0.006351 0.000423 0.033865 0.090080 0.000000 0.506056 0.000000 0.945642 0.980967 0.998398 1.000000 0.000000 1.000000 1.000000 1.000000 0.728879 0.292742 0.064240 0.007810 0.003974 0.000000 0.002352 0.003421 0.002104 0.001864 
0.003142 0.004627 0.002870 0.000972 0.003421 0.032507 0.069701 0.158917 0.280203 0.587410 0.965268 0.988288 0.992539 0.995754 1.000000 1.000000 1.000000 0.529322 0.238356 0.055236 0.008807 0.006061 0.004981 0.002607 0.000566 0.000000 0.005630 0.005630 
0.006351 0.001631 0.002352 0.002352 0.003709 0.002905 0.020058 0.037460 0.107298 0.199543 0.380187 0.550105 0.583022 0.677778 0.628396 0.444674 0.236724 0.097890 0.041915 0.009931 0.005791 0.004535 0.001228 0.004006 0.003709 0.000000 0.003142 0.004312 
0.005286 0.004006 0.004312 0.003142 0.003421 0.003142 0.005910 0.006610 0.007696 0.024752 0.078981 0.128888 0.143250 0.098304 0.057906 0.030095 0.011158 0.009644 0.007148 0.005446 0.004006 0.005286 0.004312 0.000766 0.002352 0.001864 0.003709 0.003142 
0.005286 0.002870 0.001185 0.002870 0.002870 0.000000 0.002607 0.001358 0.005247 0.003765 0.007056 0.004514 0.004978 0.003038 0.004865 0.003306 0.001185 0.004627 0.000766 0.001405 0.001405 0.001631 0.007928 0.003421 0.002607 0.002607 0.004627 0.002607 
0.004312 0.003709 0.000371 0.003142 0.001405 0.003709 0.002104 0.002104 0.001405 0.001864 0.004006 0.002870 0.004312 0.001405 0.001631 0.001631 0.000972 0.003142 0.001185 0.004627 0.000972 0.002104 0.002607 0.000000 0.002352 0.001631 0.003142 0.001405 
