0.002261 0.000933 0.000144 0.003156 0.001106 0.002475 0.003398 0.001657 0.002053 0.001106 0.003647 0.003903 0.001106 0.000144 0.002261 0.002053 0.001106 0.000933 0.002922 0.000603 0.003398 0.004720 0.002261 0.002261 0.002922 0.002053 0.003647 0.000292 
0.000292 0.001657 0.002475 0.001657 0.003903 0.004720 0.000933 0.001106 0.002261 0.003156 0.004440 0.000292 0.000000 0.002261 0.001467 0.002475 0.002261 0.002261 0.002475 0.002053 0.000765 0.001284 0.001467 0.004440 0.001284 0.001467 0.001657 0.003647 
0.002695 0.001467 0.001106 0.001106 0.000000 0.001852 0.002695 0.002053 0.002053 0.001852 0.000292 0.001106 0.002695 0.003156 0.003398 0.003647 0.001657 0.000603 0.001467 0.001284 0.002695 0.001106 0.002261 0.002261 0.001106 0.001284 0.001284 0.001284 
0.000765 0.001467 0.001852 0.001657 0.000603 0.002695 0.000933 0.003647 0.003156 0.001852 0.003903 0.007179 0.025681 0.042987 0.017042 0.016686 0.025122 0.009457 0.001284 0.002053 0.000765 0.003647 0.005308 0.000603 0.000933 0.000603 0.000765 0.001467 
0.000765 0.000445 0.003156 0.001467 0.001106 0.001106 0.001284 0.002033 0.004100 0.005574 0.006005 0.038845 0.070291 0.100242 0.153377 0.202631 0.210346 0.143073 0.054389 0.022796 0.009380 0.014750 0.017884 0.024809 0.026329 0.024094 0.023116 0.000445 
0.003156 0.002922 0.001657 0.000933 0.002922 0.002261 0.004130 0.004912 0.012221 0.040378 0.126802 0.231934 0.300512 0.479976 0.597394 0.714390 0.786185 0.728012 0.623669 0.412913 0.263130 0.220706 0.167990 0.136970 0.102419 0.026200 0.013551 0.003647 
0.002475 0.004167 0.002053 0.002922 0.001467 0.008432 0.004026 0.011703 0.064252 0.197881 0.497459 0.691083 0.983002 0.997755 0.995717 0.998139 0.998019 0.997735 0.997652 0.994753 0.932484 0.681745 0.367042 0.203970 0.126427 0.018377 0.014129 0.002922 
0.005308 0.002261 0.003398 0.000603 0.001106 0.002475 0.006385 0.035936 0.147244 0.485484 0.835229 0.997347 0.998257 0.998134 0.997858 0.980682 0.961182 0.953972 0.963396 0.968975 0.950032 0.777992 0.486800 0.245336 0.077125 0.006515 0.002409 0.001657 
0.003156 0.003903 0.000765 0.001106 0.000933 0.008514 0.038441 0.110420 0.311426 0.829968 0.999437 0.000000 1.000000 1.000000 1.000000 0.823114 0.672477 0.633859 0.542221 0.498021 0.499255 0.390088 0.201159 0.144169 0.075606 0.021248 0.010292 0.003156 
0.001657 0.000933 0.002053 0.002053 0.006135 0.027219 0.000000 0.164501 0.421051 0.979224 1.000000 1.000000 1.000000 0.875210 0.561764 0.417494 0.303849 0.252331 0.215347 0.000000 0.174625 0.121274 0.089403 0.058184 0.043141 0.033488 0.014990 0.003225 
0.000933 0.001852 0.002922 0.001284 0.010149 0.038105 0.102760 0.253648 0.556564 0.980303 1.000000 1.000000 0.878307 0.454090 0.304009 0.197153 0.127834 0.103022 0.084681 0.075947 0.064033 0.052277 0.060767 0.026255 0.027401 0.016427 0.005869 0.000000 
0.000000 0.005308 0.002475 0.001467 0.017136 0.034199 0.120772 0.284334 0.770419 0.968672 0.980117 1.000000 0.747070 0.437754 0.282050 0.155071 0.098314 0.080462 0.061231 0.030574 0.021992 0.020512 0.019947 0.017661 0.015528 0.015173 0.002695 0.000603 
0.002261 0.002475 0.000765 0.003903 0.029092 0.000000 0.091318 0.274516 0.823438 0.984033 0.987366 0.994420 0.999690 0.999586 0.871005 0.600622 0.319283 0.170445 0.085525 0.025464 0.012982 0.005810 0.006681 0.004482 0.002525 0.004600 0.003398 0.001852 
0.000000 0.001284 0.002261 0.002922 0.025821 0.032028 0.083752 0.228041 0.000000 0.995310 0.985944 0.987467 0.990935 0.999524 1.000000 1.000000 0.000000 0.518793 0.322298 0.150544 0.029184 0.010774 0.008509 0.002457 0.001259 0.003903 0.002695 0.000933 
0.003156 0.000933 0.002475 0.002053 0.013907 0.028184 0.061381 0.175123 0.344010 0.783351 0.998115 1.000000 0.999572 1.000000 1.000000 1.000000 1.000000 0.821900 0.583620 0.328525 0.135040 0.052164 0.009917 0.005717 0.001695 0.003398 0.002261 0.003156 
0.002053 0.003903 0.001657 0.000144 0.003903 0.018873 0.046191 0.095955 0.210597 0.434636 0.609178 0.742327 0.787347 0.783645 0.842068 0.868073 0.999151 1.000000 0.817755 0.587388 0.249318 0.117438 0.027398 0.011130 0.003689 0.002261 0.004720 0.001284 
0.000933 0.002053 0.002695 0.001467 0.003156 0.016902 0.031057 0.062182 0.000000 0.146719 0.000000 0.210109 0.249818 0.308329 0.349269 0.412539 0.693862 0.973956 0.989846 0.681542 0.317865 0.155041 0.062774 0.018549 0.003701 0.003903 0.003156 0.002922 
0.002695 0.002053 0.000000 0.001106 0.000000 0.016551 0.025140 0.065132 0.068639 0.074787 0.065390 0.063764 0.086916 0.143692 0.151012 0.230113 0.405525 0.834436 0.000000 0.874920 0.349440 0.154434 0.000000 0.027245 0.008383 0.002053 0.004720 0.001467 
0.002475 0.002053 0.004440 0.001467 0.002053 0.015694 0.023074 0.045020 0.082152 0.060866 0.058871 0.035770 0.050657 0.076605 0.115123 0.162101 0.342563 0.726094 0.972734 0.861961 0.467677 0.181187 0.093353 0.000000 0.010679 0.001467 0.003156 0.001852 
0.002053 0.002475 0.004167 0.002261 0.002820 0.023016 0.037508 0.089678 0.199332 0.169079 0.179706 0.127991 0.046139 0.074390 0.143048 0.259376 0.583753 0.942153 0.972898 0.788180 0.493409 0.186795 0.074258 0.020815 0.003374 0.001106 0.002475 0.004440 
0.001284 0.002922 0.002475 0.001284 0.002397 0.022307 0.063781 0.212020 0.283719 0.316240 0.314842 0.272128 0.173117 0.212703 0.356522 0.587884 0.991357 0.996499 0.974415 0.727850 0.398747 0.125305 0.043507 0.006233 0.003156 0.001106 0.002475 0.005615 
0.000933 0.001467 0.000292 0.002261 0.002411 0.021954 0.064982 0.288708 0.541255 0.584774 0.720356 0.591177 0.596561 0.707274 1.000000 1.000000 1.000000 1.000000 1.000000 0.632501 0.231671 0.050336 0.009405 0.003287 0.001852 0.004440 0.000000 0.000144 
0.001657 0.002261 0.002261 0.005010 0.000332 0.027014 0.073403 0.000000 0.501929 0.000000 0.919293 0.995834 1.000000 1.000000 0.000000 1.000000 1.000000 1.000000 0.761795 0.298616 0.070636 0.010587 0.003132 0.000000 0.001852 0.002695 0.001657 0.001467 
0.002475 0.003647 0.002261 0.000765 0.002695 0.025917 0.056373 0.148670 0.279511 0.581389 0.955333 0.983787 0.998549 0.999471 0.999716 0.999494 0.998703 0.509284 0.218506 0.049847 0.006953 0.004780 0.003927 0.002053 0.000445 0.000000 0.004440 0.004440 
0.005010 0.001284 0.001852 0.001852 0.002922 0.002288 0.015911 0.029925 0.091152 0.195229 0.376091 0.547351 0.579434 0.661237 0.602925 0.406687 0.203097 0.080727 0.033542 0.007845 0.004567 0.003574 0.000967 0.003156 0.002922 0.000000 0.002475 0.003398 
0.004167 0.003156 0.003398 0.002475 0.002695 0.002475 0.004660 0.005214 0.006074 0.019672 0.065590 0.108199 0.120412 0.081300 0.046726 0.024011 0.008819 0.007617 0.005640 0.004294 0.003156 0.004167 0.003398 0.000603 0.001852 0.001467 0.002922 0.002475 
0.004167 0.002261 0.000933 0.002261 0.002261 0.000000 0.002053 0.001069 0.004137 0.002966 0.005567 0.003557 0.003924 0.002393 0.003835 0.002604 0.000933 0.003647 0.000603 0.001106 0.001106 0.001284 0.006258 0.002695 0.002053 0.002053 0.003647 0.002053 
0.003398 0.002922 0.000292 0.002475 0.001106 0.002922 0.001657 0.001657 0.001106 0.001467 0.003156 0.002261 0.003398 0.001106 0.001284 0.001284 0.000765 0.002475 0.000933 0.003647 0.000765 0.001657 0.002053 0.000000 0.001852 0.001284 0.002475 0.001106 
