0.001716 0.000708 0.000109 0.002397 0.000839 0.001878 0.002580 0.001257 0.001558 0.000839 0.002770 0.002965 0.000839 0.000109 0.001716 0.001558 0.000839 0.000708 0.002219 0.000457 0.002580 0.003587 0.001716 0.001716 0.002219 0.001558 0.002770 0.000222 
0.000222 0.001257 0.001878 0.001257 0.002965 0.003587 0.000708 0.000839 0.001716 0.002397 0.003373 0.000222 0.000000 0.001716 0.001113 0.001878 0.001716 0.001716 0.001878 0.001558 0.000580 0.000974 0.001113 0.003373 0.000974 0.001113 0.001257 0.002770 
0.002046 0.001113 0.000839 0.000839 0.000000 0.001405 0.002046 0.001558 0.001558 0.001405 0.000222 0.000839 0.002046 0.002397 0.002580 0.002770 0.001257 0.000457 0.001113 0.000974 0.002046 0.000839 0.001716 0.001716 0.000839 0.000974 0.000974 0.000974 
0.000580 0.001113 0.001405 0.001257 0.000457 0.002046 0.000708 0.002770 0.002397 0.001405 0.002965 0.005467 0.019737 0.033296 0.013044 0.012770 0.019301 0.007213 0.000974 0.001558 0.000580 0.002770 0.004035 0.000457 0.000708 0.000457 0.000580 0.001113 
0.000580 0.000338 0.002397 0.001113 0.000839 0.000839 0.000974 0.001543 0.003115 0.004238 0.004679 0.030597 0.056129 0.080607 0.125524 0.168957 0.174706 0.115611 0.042334 0.017472 0.007144 0.011263 0.013676 0.019033 0.020213 0.018478 0.017720 0.000338 
0.002397 0.002219 0.001257 0.000708 0.002219 0.001716 0.003138 0.003733 0.009485 0.033643 0.105440 0.199861 0.281063 0.451514 0.566406 0.697312 0.787342 0.697411 0.605883 0.401854 0.259872 0.222557 0.192278 0.179134 0.109199 0.022302 0.010341 0.002770 
0.001878 0.003166 0.001558 0.002219 0.001113 0.006420 0.003059 0.021931 0.076452 0.190442 0.465391 0.670897 0.986555 0.979562 0.985483 0.990068 0.986253 0.971937 0.973056 0.998497 0.999012 0.734123 0.422053 0.268128 0.150353 0.019762 0.010786 0.002219 
0.004035 0.001716 0.002580 0.000457 0.000839 0.001878 0.004856 0.029148 0.147706 0.477966 0.809016 0.996324 1.000000 1.000000 1.000000 1.000000 0.970505 0.984572 1.000000 1.000000 1.000000 0.813514 0.492192 0.234452 0.066970 0.004955 0.001829 0.001257 
0.002397 0.002965 0.000580 0.000839 0.000708 0.009491 0.043630 0.100386 0.295487 0.815149 0.990898 0.000000 0.992687 0.999912 1.000000 0.857752 0.724478 0.714457 0.621564 0.554422 0.517488 0.374908 0.178083 0.119516 0.060800 0.016274 0.007842 0.002397 
0.001257 0.000708 0.001558 0.001558 0.006220 0.034760 0.000000 0.165590 0.399350 0.973059 1.000000 1.000000 0.999944 0.923408 0.622263 0.482855 0.381470 0.338845 0.281603 0.000000 0.145540 0.096893 0.070538 0.045308 0.033373 0.025793 0.011447 0.002449 
0.000708 0.001405 0.002219 0.000974 0.012969 0.045731 0.114708 0.261226 0.543291 0.988126 1.000000 1.000000 0.953257 0.542507 0.366765 0.295522 0.209968 0.160976 0.115612 0.075545 0.049989 0.040604 0.047373 0.020155 0.021046 0.012553 0.004462 0.000000 
0.000000 0.004035 0.001878 0.001113 0.022776 0.054907 0.142303 0.291369 0.755799 0.979763 0.998547 0.999557 0.824586 0.498666 0.292202 0.168124 0.122429 0.113837 0.121762 0.072828 0.021931 0.015705 0.015268 0.013504 0.011861 0.011588 0.002046 0.000457 
0.001716 0.001878 0.000580 0.002965 0.038589 0.000000 0.106890 0.261259 0.799751 0.974133 0.998119 0.999126 0.989666 0.985150 0.848354 0.550282 0.278310 0.170049 0.141621 0.094037 0.022129 0.004418 0.005082 0.003406 0.001917 0.003495 0.002580 0.001405 
0.000000 0.000974 0.001716 0.002219 0.033397 0.040912 0.082714 0.213313 0.000000 0.975399 1.000000 0.998131 0.990804 0.993647 0.996804 0.996201 0.000000 0.499400 0.364348 0.199580 0.041411 0.008211 0.006478 0.001865 0.000955 0.002965 0.002046 0.000708 
0.002397 0.000708 0.001878 0.001558 0.016476 0.037874 0.064429 0.179865 0.368731 0.839948 0.998335 0.997349 0.996540 0.998108 0.999456 1.000000 0.998277 0.819519 0.657291 0.372227 0.143939 0.040683 0.007555 0.004347 0.001286 0.002580 0.001716 0.002397 
0.001558 0.002965 0.001257 0.000109 0.002965 0.019709 0.046373 0.103736 0.278226 0.508592 0.666521 0.745530 0.785386 0.778016 0.831386 0.897651 0.997711 0.997454 0.894810 0.652285 0.260900 0.103702 0.021592 0.008484 0.002802 0.001716 0.003587 0.000974 
0.000708 0.001558 0.002046 0.001113 0.002397 0.012919 0.050672 0.072030 0.000000 0.190953 0.000000 0.220017 0.248658 0.273487 0.308383 0.382893 0.694287 0.992483 1.000000 0.749466 0.313429 0.144488 0.060233 0.014680 0.002811 0.002965 0.002397 0.002219 
0.002046 0.001558 0.000000 0.000839 0.000000 0.016931 0.062152 0.062719 0.054790 0.089095 0.090743 0.072301 0.068669 0.115936 0.122156 0.195084 0.409354 0.880172 0.000000 0.915318 0.333269 0.143109 0.000000 0.023278 0.006382 0.001558 0.003587 0.001113 
0.001878 0.001558 0.003373 0.001113 0.001558 0.030591 0.060498 0.036223 0.069711 0.082958 0.072823 0.027579 0.039318 0.060122 0.091762 0.133101 0.368357 0.808832 1.000000 0.870565 0.432355 0.166335 0.092270 0.000000 0.008138 0.001113 0.002397 0.001405 
0.001558 0.001878 0.003166 0.001716 0.002141 0.036331 0.070606 0.073997 0.169175 0.149520 0.147368 0.103082 0.035870 0.058344 0.115238 0.230815 0.626970 1.000000 1.000000 0.760682 0.454371 0.172776 0.076087 0.018144 0.002563 0.000839 0.001878 0.003373 
0.000974 0.002219 0.001878 0.000974 0.001820 0.035775 0.094344 0.179042 0.244578 0.268648 0.268211 0.230321 0.141126 0.175483 0.311614 0.588287 0.999343 1.000000 0.966344 0.697350 0.367959 0.119073 0.043737 0.005227 0.002397 0.000839 0.001878 0.004269 
0.000708 0.001113 0.000222 0.001716 0.001830 0.018238 0.099531 0.317354 0.487885 0.523271 0.656603 0.534370 0.548243 0.675743 0.984782 0.999149 1.000000 1.000000 0.977473 0.594841 0.214562 0.051472 0.007651 0.002496 0.001405 0.003373 0.000000 0.000109 
0.001257 0.001716 0.001716 0.003808 0.000252 0.020746 0.086890 0.000000 0.491138 0.000000 0.868633 0.952136 0.977296 0.986591 0.000000 1.000000 1.000000 0.997319 0.724220 0.272818 0.066821 0.010511 0.002378 0.000000 0.001405 0.002046 0.001257 0.001113 
0.001878 0.002770 0.001716 0.000580 0.002046 0.019893 0.051112 0.206437 0.365880 0.648425 0.999206 0.999252 1.000000 1.000000 1.000000 1.000000 0.972986 0.472346 0.187562 0.042170 0.005290 0.003633 0.002983 0.001558 0.000338 0.000000 0.003373 0.003373 
0.003808 0.000974 0.001405 0.001405 0.002219 0.001737 0.014338 0.031591 0.123434 0.257583 0.436838 0.612702 0.635270 0.709412 0.623404 0.386094 0.172442 0.063747 0.025836 0.005971 0.003470 0.002715 0.000733 0.002397 0.002219 0.000000 0.001878 0.002580 
0.003166 0.002397 0.002580 0.001878 0.002046 0.001878 0.003542 0.003963 0.004619 0.015056 0.057453 0.109222 0.144498 0.115232 0.060838 0.018414 0.006715 0.005797 0.004288 0.003262 0.002397 0.003166 0.002580 0.000457 0.001405 0.001113 0.002219 0.001878 
0.003166 0.001716 0.000708 0.001716 0.001716 0.000000 0.001558 0.000811 0.003143 0.002252 0.004232 0.002702 0.002981 0.001817 0.002913 0.001977 0.000708 0.002770 0.000457 0.000839 0.000839 0.000974 0.004759 0.002046 0.001558 0.001558 0.002770 0.001558 
0.002580 0.002219 0.000222 0.001878 0.000839 0.002219 0.001257 0.001257 0.000839 0.001113 0.002397 0.001716 0.002580 0.000839 0.000974 0.000974 0.000580 0.001878 0.000708 0.002770 0.000580 0.001257 0.001558 0.000000 0.001405 0.000974 0.001878 0.000839 
