0.094835 0.043460 0.007202 0.124470 0.050758 0.102227 0.131907 0.072737 0.087457 0.050758 0.139355 0.146813 0.050758 0.007202 0.094835 0.087457 0.050758 0.043460 0.117044 0.028910 0.131907 0.169246 0.094835 0.094835 0.117044 0.087457 0.139355 0.014422 
0.014422 0.072737 0.102227 0.072737 0.146813 0.169246 0.043460 0.050758 0.094835 0.124470 0.161759 0.014422 0.000000 0.094835 0.065397 0.102227 0.094835 0.094835 0.102227 0.087457 0.036177 0.058070 0.065397 0.161759 0.058070 0.065397 0.072737 0.139355 
0.109630 0.065397 0.050758 0.050758 0.000000 0.080090 0.109630 0.087457 0.087457 0.080090 0.014422 0.050758 0.109630 0.124470 0.131907 0.139355 0.072737 0.028910 0.065397 0.058070 0.109630 0.050758 0.094835 0.094835 0.050758 0.058070 0.058070 0.058070 
0.036177 0.065397 0.080090 0.072737 0.028910 0.109630 0.043460 0.139355 0.124470 0.080090 0.146813 0.102227 0.021658 0.072737 0.065397 0.050758 0.072737 0.028910 0.058070 0.087457 0.036177 0.139355 0.184248 0.028910 0.043460 0.028910 0.036177 0.065397 
0.036177 0.021658 0.124470 0.065397 0.050758 0.050758 0.058070 0.065397 0.102227 0.131907 0.065397 0.021658 0.057636 0.137608 0.083557 0.148248 0.233433 0.170055 0.185884 0.146634 0.135039 0.108663 0.100255 0.109395 0.117914 0.043460 0.036177 0.021658 
0.124470 0.117044 0.072737 0.043460 0.117044 0.094835 0.124470 0.080090 0.030085 0.158092 0.203859 0.084462 0.168417 0.203961 0.119060 0.124889 0.222062 0.156591 0.136950 0.159805 0.197409 0.237018 0.151015 0.114338 0.155835 0.073925 0.146813 0.139355 
0.102227 0.154281 0.087457 0.117044 0.065397 0.252161 0.094835 0.078264 0.150054 0.089463 0.156190 0.241872 0.199074 0.187695 0.311905 0.171271 0.211287 0.148821 0.202682 0.266989 0.237532 0.224014 0.163295 0.148539 0.210998 0.150935 0.087457 0.117044 
0.184248 0.094835 0.131907 0.028910 0.050758 0.102227 0.152072 0.105469 0.124372 0.126052 0.176954 0.226207 0.249801 0.300975 0.235961 0.254054 0.239403 0.293055 0.237754 0.250218 0.287854 0.183660 0.219666 0.119275 0.076357 0.117124 0.033986 0.072737 
0.124470 0.146813 0.036177 0.050758 0.043460 0.102227 0.104026 0.156616 0.168612 0.204560 0.257825 0.000000 0.201487 0.224880 0.209618 0.222994 0.153149 0.215441 0.146030 0.143856 0.186140 0.263606 0.086824 0.053651 0.117448 0.050191 0.012538 0.124470 
0.072737 0.043460 0.087457 0.087457 0.124470 0.065397 0.000000 0.127320 0.154384 0.136196 0.194076 0.242860 0.218621 0.189659 0.193644 0.192176 0.192743 0.215608 0.121754 0.000000 0.132691 0.116974 0.168075 0.180231 0.119224 0.132896 0.043460 0.117044 
0.043460 0.080090 0.117044 0.058070 0.036177 0.163555 0.116664 0.074578 0.194689 0.206388 0.228336 0.286416 0.188749 0.159580 0.243794 0.205349 0.094369 0.075284 0.093027 0.145773 0.137771 0.109555 0.113954 0.061390 0.140473 0.084555 0.169246 0.000000 
0.000000 0.184248 0.102227 0.065397 0.036177 0.197564 0.131012 0.132498 0.206646 0.186047 0.241460 0.208851 0.160820 0.135714 0.108332 0.108634 0.075542 0.173235 0.064064 0.123310 0.111750 0.117824 0.118499 0.032467 0.071091 0.049411 0.109630 0.028910 
0.094835 0.102227 0.036177 0.146813 0.102227 0.000000 0.050621 0.161763 0.200377 0.227347 0.234769 0.302707 0.220241 0.250862 0.243536 0.185810 0.076992 0.092518 0.113714 0.124948 0.149817 0.058070 0.065397 0.050758 0.087457 0.109630 0.131907 0.080090 
0.000000 0.058070 0.094835 0.117044 0.131907 0.044348 0.164075 0.119261 0.000000 0.194867 0.280055 0.303020 0.253647 0.218887 0.231734 0.278890 0.000000 0.157118 0.126127 0.122205 0.077410 0.109630 0.176743 0.080090 0.050758 0.146813 0.109630 0.043460 
0.124470 0.043460 0.102227 0.087457 0.139355 0.044597 0.075692 0.128986 0.153315 0.130092 0.199666 0.250182 0.268772 0.185061 0.273320 0.230966 0.140246 0.215244 0.195131 0.127826 0.054451 0.077133 0.072737 0.146813 0.065397 0.131907 0.094835 0.124470 
0.087457 0.146813 0.072737 0.007202 0.146813 0.118324 0.022907 0.093404 0.264258 0.196433 0.225686 0.243162 0.139478 0.226037 0.248637 0.146405 0.163418 0.240946 0.198383 0.230117 0.184060 0.137466 0.118161 0.139355 0.131907 0.094835 0.169246 0.058070 
0.043460 0.087457 0.109630 0.065397 0.124470 0.036876 0.103502 0.049054 0.000000 0.096693 0.000000 0.188619 0.111507 0.149591 0.166381 0.145451 0.175603 0.166667 0.203914 0.150322 0.145965 0.133299 0.011388 0.059960 0.124470 0.146813 0.124470 0.117044 
0.109630 0.087457 0.000000 0.050758 0.000000 0.065397 0.022540 0.055917 0.100566 0.199511 0.130363 0.062121 0.138839 0.210815 0.095699 0.114496 0.153046 0.163022 0.000000 0.250920 0.060019 0.160148 0.000000 0.054630 0.043460 0.087457 0.169246 0.065397 
0.102227 0.087457 0.161759 0.065397 0.087457 0.113313 0.112851 0.084549 0.071070 0.203220 0.133983 0.100178 0.138781 0.124409 0.128247 0.133239 0.113639 0.169850 0.261228 0.228671 0.162963 0.126747 0.102399 0.000000 0.146813 0.065397 0.124470 0.080090 
0.087457 0.102227 0.154281 0.094835 0.094835 0.079006 0.104713 0.146659 0.173387 0.171123 0.100820 0.095474 0.149681 0.174577 0.141175 0.112079 0.091117 0.285776 0.140610 0.168900 0.189679 0.132361 0.063792 0.091102 0.072737 0.050758 0.102227 0.161759 
0.058070 0.117044 0.102227 0.058070 0.072737 0.075777 0.140222 0.141591 0.120696 0.155872 0.095067 0.082584 0.131007 0.151605 0.132923 0.155999 0.227449 0.156609 0.143320 0.087936 0.112943 0.118260 0.143171 0.087650 0.124470 0.050758 0.102227 0.191762 
0.043460 0.065397 0.014422 0.094835 0.080090 0.092268 0.127642 0.133682 0.265957 0.231666 0.315204 0.143611 0.111633 0.171788 0.297792 0.197765 0.254523 0.276355 0.183242 0.178884 0.128875 0.053793 0.140476 0.117044 0.080090 0.161759 0.000000 0.007202 
0.072737 0.094835 0.094835 0.176743 0.014422 0.098977 0.099679 0.000000 0.218953 0.000000 0.306114 0.300674 0.275667 0.312263 0.000000 0.267750 0.286696 0.195018 0.117331 0.113164 0.118921 0.060202 0.102227 0.000000 0.080090 0.109630 0.072737 0.065397 
0.102227 0.139355 0.094835 0.036177 0.109630 0.102464 0.146536 0.190953 0.121112 0.233215 0.213819 0.281420 0.323236 0.221829 0.240654 0.232644 0.158078 0.099994 0.062899 0.083328 0.077732 0.146813 0.131907 0.087457 0.021658 0.000000 0.161759 0.161759 
0.176743 0.058070 0.080090 0.080090 0.117044 0.094835 0.026070 0.089599 0.081492 0.159006 0.168882 0.217347 0.157128 0.191024 0.204270 0.159172 0.102095 0.076075 0.051964 0.059833 0.139355 0.131907 0.043460 0.124470 0.117044 0.000000 0.102227 0.131907 
0.154281 0.124470 0.131907 0.102227 0.109630 0.102227 0.162698 0.151664 0.079855 0.159360 0.082153 0.125555 0.163233 0.096287 0.124470 0.072737 0.161759 0.146813 0.124470 0.154281 0.124470 0.154281 0.131907 0.028910 0.080090 0.065397 0.117044 0.102227 
0.154281 0.094835 0.043460 0.094835 0.094835 0.000000 0.087457 0.043460 0.131907 0.080090 0.161759 0.109630 0.124470 0.072737 0.124470 0.102227 0.043460 0.139355 0.028910 0.050758 0.050758 0.058070 0.206816 0.109630 0.087457 0.087457 0.139355 0.087457 
0.131907 0.117044 0.014422 0.102227 0.050758 0.117044 0.072737 0.072737 0.050758 0.065397 0.124470 0.094835 0.131907 0.050758 0.058070 0.058070 0.036177 0.102227 0.043460 0.139355 0.036177 0.072737 0.087457 0.000000 0.080090 0.058070 0.102227 0.050758 
