0.092700 0.042383 0.007011 0.121815 0.049518 0.099956 0.129130 0.071031 0.085460 0.049518 0.136460 0.143803 0.049518 0.007011 0.092700 0.085460 0.049518 0.042383 0.114514 0.028173 0.129130 0.165911 0.092700 0.092700 0.114514 0.085460 0.136460 0.014044 
0.014044 0.071031 0.099956 0.071031 0.143803 0.165911 0.042383 0.049518 0.092700 0.121815 0.158529 0.014044 0.000000 0.092700 0.063842 0.099956 0.092700 0.092700 0.099956 0.085460 0.035268 0.056671 0.063842 0.158529 0.056671 0.063842 0.071031 0.136460 
0.107227 0.063842 0.049518 0.049518 0.000000 0.078237 0.107227 0.085460 0.085460 0.078237 0.014044 0.049518 0.107227 0.121815 0.129130 0.136460 0.071031 0.028173 0.063842 0.056671 0.107227 0.049518 0.092700 0.092700 0.049518 0.056671 0.056671 0.056671 
0.035268 0.063842 0.078237 0.071031 0.028173 0.107227 0.042383 0.136460 0.121815 0.078237 0.143803 0.099956 0.021098 0.071031 0.063842 0.049938 0.078951 0.031413 0.056671 0.085460 0.035268 0.136460 0.180711 0.028173 0.042383 0.028173 0.035268 0.063842 
0.035268 0.021098 0.121815 0.063842 0.049518 0.049518 0.056671 0.063842 0.099956 0.129130 0.063842 0.021098 0.064020 0.145020 0.095207 0.172557 0.257263 0.191834 0.194112 0.144137 0.132212 0.106277 0.098020 0.106996 0.115368 0.042383 0.035268 0.021098 
0.121815 0.114514 0.071031 0.042383 0.114514 0.092700 0.121815 0.078237 0.029320 0.156146 0.208162 0.099850 0.187873 0.231368 0.154865 0.162969 0.262924 0.195655 0.171792 0.179525 0.211499 0.245133 0.159752 0.123152 0.161280 0.075577 0.143803 0.136460 
0.099956 0.151160 0.085460 0.114514 0.063842 0.247845 0.092700 0.076448 0.147887 0.108585 0.181802 0.265541 0.217148 0.211760 0.341642 0.204774 0.242892 0.165785 0.227793 0.286678 0.256796 0.243883 0.179403 0.158159 0.218932 0.156009 0.086600 0.114514 
0.180711 0.092700 0.129130 0.028173 0.049518 0.099956 0.148983 0.103582 0.134831 0.151098 0.198285 0.229755 0.253970 0.318230 0.255527 0.273487 0.255359 0.300023 0.247667 0.257993 0.300452 0.200937 0.231666 0.127857 0.078368 0.115984 0.033128 0.071031 
0.121815 0.143803 0.035268 0.049518 0.042383 0.099956 0.101723 0.158309 0.185816 0.229135 0.264569 0.000000 0.218453 0.244642 0.229638 0.243168 0.163494 0.223575 0.152515 0.148224 0.185449 0.264925 0.099594 0.069780 0.121575 0.051844 0.012208 0.121815 
0.071031 0.042383 0.085460 0.085460 0.121815 0.063842 0.000000 0.132395 0.179245 0.168162 0.204498 0.251358 0.238769 0.210403 0.214333 0.207889 0.202278 0.221478 0.123801 0.000000 0.137970 0.122505 0.180475 0.193650 0.124570 0.136477 0.042383 0.114514 
0.042383 0.078237 0.114514 0.056671 0.035268 0.160300 0.114140 0.080510 0.224370 0.239883 0.239541 0.296480 0.212428 0.185128 0.268247 0.229816 0.112129 0.088085 0.098895 0.150773 0.142891 0.115132 0.119455 0.067759 0.138653 0.082614 0.165911 0.000000 
0.000000 0.180711 0.099956 0.063842 0.035268 0.193858 0.128757 0.144454 0.242537 0.218548 0.262349 0.225673 0.181570 0.164751 0.137538 0.137653 0.098710 0.184455 0.068259 0.125362 0.113994 0.116838 0.117035 0.032193 0.069418 0.048200 0.107227 0.028173 
0.092700 0.099956 0.035268 0.143803 0.099956 0.000000 0.056090 0.187060 0.234711 0.264724 0.270425 0.329747 0.234889 0.288287 0.278917 0.221115 0.107087 0.099402 0.112514 0.122290 0.146764 0.056671 0.063842 0.049518 0.085460 0.107227 0.129130 0.078237 
0.000000 0.056671 0.092700 0.114514 0.129130 0.044246 0.180318 0.144770 0.000000 0.229406 0.319121 0.336734 0.281763 0.245782 0.260170 0.309997 0.000000 0.178624 0.137910 0.130080 0.081567 0.107227 0.173305 0.078237 0.049518 0.143803 0.107227 0.042383 
0.121815 0.042383 0.099956 0.085460 0.136460 0.045230 0.089086 0.148582 0.176476 0.153627 0.227617 0.288100 0.301192 0.214012 0.296614 0.257190 0.166715 0.239783 0.211972 0.140894 0.068020 0.085551 0.072027 0.143803 0.063842 0.129130 0.092700 0.121815 
0.085460 0.143803 0.071031 0.007011 0.143803 0.115772 0.024050 0.101113 0.276714 0.205048 0.234649 0.261462 0.167649 0.253411 0.274736 0.169326 0.177858 0.252622 0.208970 0.243705 0.192748 0.149070 0.127832 0.140426 0.129130 0.092700 0.165911 0.056671 
0.042383 0.085460 0.107227 0.063842 0.121815 0.035950 0.101209 0.047851 0.000000 0.101898 0.000000 0.197101 0.125940 0.174133 0.194502 0.173570 0.194200 0.182215 0.214637 0.160293 0.144181 0.138749 0.024957 0.069956 0.121815 0.143803 0.121815 0.114514 
0.107227 0.085460 0.000000 0.049518 0.000000 0.063842 0.021959 0.054564 0.098325 0.195780 0.128389 0.065096 0.144075 0.219317 0.121841 0.143399 0.178093 0.187993 0.000000 0.261440 0.058977 0.156942 0.000000 0.067706 0.045364 0.085460 0.165911 0.063842 
0.099956 0.085460 0.158529 0.063842 0.085460 0.110848 0.110397 0.082614 0.070628 0.200678 0.131173 0.099035 0.138178 0.130337 0.140586 0.160051 0.149240 0.198812 0.281284 0.240130 0.160933 0.125799 0.113817 0.000000 0.146802 0.063842 0.121815 0.078237 
0.085460 0.099956 0.151160 0.092700 0.092700 0.077180 0.102403 0.145476 0.196780 0.185040 0.107243 0.103931 0.157688 0.185644 0.156705 0.128791 0.121325 0.316568 0.160844 0.173725 0.189520 0.140458 0.076678 0.102719 0.073775 0.049518 0.099956 0.158529 
0.056671 0.114514 0.099956 0.056671 0.071031 0.074014 0.137416 0.141758 0.157294 0.193418 0.122552 0.103214 0.150519 0.169672 0.149191 0.169095 0.253983 0.179918 0.157732 0.098815 0.125633 0.130536 0.154684 0.092864 0.121815 0.049518 0.099956 0.188128 
0.042383 0.063842 0.014044 0.092700 0.078237 0.090182 0.125132 0.131278 0.281980 0.270376 0.350339 0.174124 0.138049 0.195509 0.318909 0.216999 0.278132 0.304206 0.213896 0.194401 0.143046 0.067763 0.144798 0.114514 0.078237 0.158529 0.000000 0.007011 
0.071031 0.092700 0.092700 0.173305 0.014044 0.096768 0.097639 0.000000 0.217635 0.000000 0.330106 0.336815 0.309049 0.343428 0.000000 0.303946 0.322303 0.231453 0.144556 0.124865 0.126518 0.062233 0.099956 0.000000 0.078237 0.107227 0.071031 0.063842 
0.099956 0.136460 0.092700 0.035268 0.107227 0.100419 0.149690 0.193507 0.125078 0.245555 0.236107 0.308622 0.353745 0.256235 0.274721 0.267292 0.192404 0.121113 0.071164 0.082627 0.076495 0.143803 0.129130 0.085460 0.021098 0.000000 0.158529 0.158529 
0.173305 0.056671 0.078237 0.078237 0.114514 0.092928 0.030116 0.095036 0.092120 0.168373 0.181946 0.233374 0.176337 0.206191 0.217786 0.166382 0.102509 0.074530 0.050697 0.058395 0.136460 0.129130 0.042383 0.121815 0.114514 0.000000 0.099956 0.129130 
0.151160 0.121815 0.129130 0.099956 0.107227 0.099956 0.159540 0.148904 0.078441 0.156538 0.080617 0.123014 0.160031 0.094125 0.121815 0.071031 0.158529 0.143803 0.121815 0.151160 0.121815 0.151160 0.129130 0.028173 0.078237 0.063842 0.114514 0.099956 
0.151160 0.092700 0.042383 0.092700 0.092700 0.000000 0.085460 0.042383 0.129130 0.078237 0.158529 0.107227 0.121815 0.071031 0.121815 0.099956 0.042383 0.136460 0.028173 0.049518 0.049518 0.056671 0.202996 0.107227 0.085460 0.085460 0.136460 0.085460 
0.129130 0.114514 0.014044 0.099956 0.049518 0.114514 0.071031 0.071031 0.049518 0.063842 0.121815 0.092700 0.129130 0.049518 0.056671 0.056671 0.035268 0.099956 0.042383 0.136460 0.035268 0.071031 0.085460 0.000000 0.078237 0.056671 0.099956 0.049518 
