0.088968 0.040512 0.006680 0.117161 0.047360 0.095984 0.124260 0.068056 0.081974 0.047360 0.131379 0.138518 0.047360 0.006680 0.088968 0.081974 0.047360 0.040512 0.110081 0.026895 0.124260 0.160044 0.088968 0.088968 0.110081 0.081974 0.131379 0.013390 
0.013390 0.068056 0.095984 0.068056 0.138518 0.160044 0.040512 0.047360 0.088968 0.117161 0.152851 0.013390 0.000000 0.088968 0.061133 0.095984 0.088968 0.088968 0.095984 0.081974 0.033690 0.054234 0.061133 0.152851 0.054234 0.061133 0.068056 0.131379 
0.103022 0.061133 0.047360 0.047360 0.000000 0.075003 0.103022 0.081974 0.081974 0.075003 0.013390 0.047360 0.103022 0.117161 0.124260 0.131379 0.068056 0.026895 0.061133 0.054234 0.103022 0.047360 0.088968 0.088968 0.047360 0.054234 0.054234 0.054234 
0.033690 0.061133 0.075003 0.068056 0.026895 0.103022 0.040512 0.131379 0.117161 0.075003 0.138518 0.095984 0.020129 0.068056 0.061133 0.047860 0.077749 0.030841 0.054234 0.081974 0.033690 0.131379 0.174481 0.026895 0.040512 0.026895 0.033690 0.061133 
0.033690 0.020129 0.117161 0.061133 0.047360 0.047360 0.054234 0.061133 0.095984 0.124260 0.064342 0.028112 0.069464 0.147939 0.099754 0.183739 0.265686 0.193847 0.187807 0.138853 0.127253 0.102102 0.094111 0.102798 0.110909 0.040512 0.033690 0.020129 
0.117161 0.110081 0.068056 0.040512 0.110081 0.088968 0.117161 0.076270 0.030871 0.163146 0.225229 0.126165 0.212118 0.262290 0.187517 0.199561 0.297386 0.241010 0.202053 0.218650 0.236389 0.278585 0.186783 0.140935 0.163759 0.075742 0.138518 0.131379 
0.095984 0.145675 0.081974 0.110081 0.061133 0.240210 0.090237 0.087419 0.160884 0.141102 0.215665 0.300215 0.261444 0.257471 0.387742 0.262139 0.300150 0.226389 0.284579 0.342744 0.300035 0.281416 0.211356 0.179381 0.222662 0.158068 0.084199 0.110081 
0.174481 0.088968 0.124260 0.026895 0.047360 0.095984 0.146438 0.117808 0.167975 0.191723 0.241781 0.269742 0.300034 0.373116 0.314474 0.332163 0.313302 0.355033 0.303498 0.313614 0.352073 0.235770 0.248945 0.129190 0.078117 0.112856 0.031640 0.068056 
0.117161 0.138518 0.033690 0.047360 0.040512 0.095984 0.098000 0.156212 0.218849 0.274223 0.322314 0.000000 0.271925 0.295707 0.280961 0.284290 0.201495 0.255779 0.179210 0.160995 0.184925 0.259279 0.096958 0.067809 0.117018 0.049627 0.011637 0.117161 
0.068056 0.040512 0.081974 0.081974 0.117161 0.061133 0.000000 0.127982 0.212686 0.219664 0.265096 0.283714 0.277850 0.241282 0.236737 0.233107 0.220230 0.233853 0.129746 0.000000 0.138691 0.117921 0.174905 0.187881 0.119937 0.131468 0.040512 0.110081 
0.040512 0.075003 0.110081 0.054234 0.033690 0.154576 0.109718 0.079566 0.253773 0.296213 0.294220 0.334020 0.253334 0.211248 0.292834 0.254615 0.137002 0.109297 0.113295 0.163688 0.155699 0.128105 0.120709 0.065143 0.133522 0.079227 0.160044 0.000000 
0.000000 0.174481 0.095984 0.061133 0.033690 0.187323 0.123907 0.146209 0.282189 0.285912 0.324607 0.276198 0.223276 0.207141 0.169496 0.166989 0.124127 0.199258 0.079870 0.135126 0.126963 0.130618 0.130803 0.036463 0.066502 0.046095 0.103022 0.026895 
0.088968 0.095984 0.033690 0.138518 0.095984 0.000000 0.053770 0.197297 0.292820 0.331587 0.331858 0.381567 0.262958 0.322674 0.305743 0.248074 0.134993 0.116592 0.116636 0.118943 0.146494 0.071503 0.079338 0.058243 0.081974 0.103022 0.124260 0.075003 
0.000000 0.054234 0.088968 0.110081 0.124260 0.042320 0.174420 0.160329 0.000000 0.296393 0.374676 0.374899 0.314987 0.280334 0.295599 0.336684 0.000000 0.195180 0.152782 0.136165 0.078338 0.108765 0.185573 0.093226 0.053080 0.138518 0.103022 0.040512 
0.117161 0.040512 0.095984 0.081974 0.131379 0.043282 0.085769 0.157764 0.217918 0.215350 0.281970 0.337701 0.335985 0.243192 0.321686 0.288330 0.198083 0.261584 0.226529 0.155902 0.065460 0.086722 0.087249 0.156807 0.069119 0.124260 0.088968 0.117161 
0.081974 0.138518 0.068056 0.006680 0.138518 0.111300 0.022990 0.103207 0.295341 0.250455 0.280396 0.297740 0.203383 0.280879 0.306964 0.204231 0.208015 0.288751 0.236079 0.259474 0.191424 0.148412 0.141519 0.153602 0.132281 0.088968 0.160044 0.054234 
0.040512 0.081974 0.103022 0.061133 0.117161 0.034344 0.097196 0.045759 0.000000 0.113989 0.000000 0.208537 0.136950 0.184427 0.204603 0.186977 0.223100 0.223062 0.261324 0.182609 0.148087 0.144715 0.042250 0.085459 0.122251 0.138518 0.117161 0.110081 
0.103022 0.081974 0.000000 0.047360 0.000000 0.061438 0.021567 0.052514 0.094407 0.189201 0.124291 0.066811 0.146454 0.222343 0.128649 0.149870 0.184954 0.222182 0.000000 0.292073 0.067684 0.164791 0.000000 0.073762 0.043434 0.081974 0.160044 0.061133 
0.095984 0.081974 0.152851 0.061133 0.081974 0.114539 0.124345 0.084960 0.067990 0.194317 0.126243 0.095106 0.133075 0.126647 0.141427 0.165135 0.158233 0.223573 0.330581 0.285698 0.174900 0.139332 0.127941 0.000000 0.141497 0.061133 0.117161 0.075003 
0.081974 0.095984 0.145675 0.088968 0.088968 0.080352 0.122145 0.158289 0.199913 0.193569 0.103765 0.100580 0.152789 0.181033 0.153882 0.127300 0.137878 0.346938 0.208714 0.220198 0.217878 0.155015 0.090468 0.100849 0.070757 0.047360 0.095984 0.152851 
0.054234 0.110081 0.095984 0.054234 0.068056 0.071237 0.156725 0.166353 0.179511 0.222909 0.147288 0.121849 0.152603 0.167775 0.148445 0.174457 0.277998 0.217447 0.213813 0.149234 0.160608 0.145449 0.155161 0.089271 0.117161 0.047360 0.095984 0.181724 
0.040512 0.061133 0.013390 0.088968 0.075003 0.086535 0.137684 0.157353 0.309142 0.311980 0.392270 0.216693 0.176845 0.225116 0.348494 0.262244 0.326476 0.367812 0.281166 0.242588 0.172993 0.072190 0.140251 0.110081 0.075003 0.152851 0.000000 0.006680 
0.068056 0.088968 0.088968 0.167254 0.013390 0.092900 0.097973 0.000000 0.238864 0.000000 0.382024 0.394666 0.367904 0.410411 0.000000 0.378531 0.396680 0.296842 0.200155 0.159791 0.129679 0.059652 0.095984 0.000000 0.075003 0.103022 0.068056 0.061133 
0.095984 0.131379 0.088968 0.033690 0.103022 0.096449 0.144701 0.191679 0.140811 0.274796 0.273483 0.357477 0.414162 0.325703 0.349691 0.341745 0.257734 0.168033 0.103237 0.092301 0.073330 0.138518 0.124260 0.081974 0.020129 0.000000 0.152851 0.152851 
0.167254 0.054234 0.075003 0.075003 0.110081 0.089205 0.029081 0.091748 0.092248 0.174068 0.203584 0.261006 0.208888 0.238834 0.250097 0.195703 0.129043 0.097409 0.060511 0.056919 0.131379 0.124260 0.040512 0.117161 0.110081 0.000000 0.095984 0.124260 
0.145675 0.117161 0.124260 0.095984 0.103022 0.095984 0.153836 0.143484 0.075205 0.150915 0.077304 0.118325 0.154315 0.090345 0.117161 0.068056 0.152851 0.138518 0.117161 0.145675 0.117161 0.145675 0.124260 0.026895 0.075003 0.061133 0.110081 0.095984 
0.145675 0.088968 0.040512 0.088968 0.088968 0.000000 0.081974 0.040512 0.124260 0.075003 0.152851 0.103022 0.117161 0.068056 0.117161 0.095984 0.040512 0.131379 0.026895 0.047360 0.047360 0.054234 0.196258 0.103022 0.081974 0.081974 0.131379 0.081974 
0.124260 0.110081 0.013390 0.095984 0.047360 0.110081 0.068056 0.068056 0.047360 0.061133 0.117161 0.088968 0.124260 0.047360 0.054234 0.054234 0.033690 0.095984 0.040512 0.131379 0.033690 0.068056 0.081974 0.000000 0.075003 0.054234 0.095984 0.047360 
