0.084904 0.038490 0.006325 0.112072 0.045026 0.091655 0.118931 0.064827 0.078182 0.045026 0.125815 0.132725 0.045026 0.006325 0.084904 0.078182 0.045026 0.038490 0.105240 0.025519 0.118931 0.153597 0.084904 0.084904 0.105240 0.078182 0.125815 0.012687 
0.012687 0.064827 0.091655 0.064827 0.132725 0.153597 0.038490 0.045026 0.084904 0.112072 0.146616 0.012687 0.000000 0.084904 0.058195 0.091655 0.084904 0.084904 0.091655 0.078182 0.031987 0.051594 0.058195 0.146616 0.051594 0.058195 0.064827 0.125815 
0.098434 0.058195 0.045026 0.045026 0.000000 0.071490 0.098434 0.078182 0.078182 0.071490 0.012687 0.045026 0.098434 0.112072 0.118931 0.125815 0.064827 0.025519 0.058195 0.051594 0.098434 0.045026 0.084904 0.084904 0.045026 0.051594 0.051594 0.051594 
0.031987 0.058195 0.071490 0.064827 0.025519 0.098434 0.038490 0.125815 0.112072 0.071490 0.132725 0.091655 0.019085 0.064827 0.058195 0.045504 0.074137 0.029279 0.051594 0.078182 0.031987 0.125815 0.167625 0.025519 0.038490 0.025519 0.031987 0.058195 
0.031987 0.019085 0.112072 0.058195 0.045026 0.045026 0.051594 0.058195 0.091655 0.119011 0.061465 0.027350 0.067184 0.142822 0.096254 0.184671 0.270209 0.200570 0.190881 0.138364 0.137437 0.109275 0.090209 0.098218 0.106038 0.038490 0.031987 0.019085 
0.112072 0.105240 0.064827 0.038490 0.105240 0.084904 0.112072 0.077566 0.039305 0.169964 0.224317 0.136053 0.220466 0.267275 0.203984 0.239235 0.339812 0.285963 0.253718 0.256527 0.272143 0.310504 0.199394 0.151518 0.172280 0.087142 0.143259 0.125815 
0.091655 0.139658 0.078182 0.105240 0.058195 0.231757 0.092612 0.103174 0.174321 0.159332 0.237298 0.334238 0.313644 0.326876 0.459340 0.335904 0.368522 0.295093 0.354961 0.394393 0.346265 0.315507 0.232839 0.196893 0.237269 0.174248 0.099026 0.105240 
0.167625 0.084904 0.118931 0.025519 0.045026 0.091655 0.151512 0.132681 0.184080 0.217119 0.279354 0.320666 0.364375 0.437871 0.376549 0.383359 0.360493 0.401152 0.355373 0.354395 0.390234 0.263671 0.260459 0.136769 0.087193 0.120660 0.030753 0.064827 
0.112072 0.132725 0.031987 0.045026 0.038490 0.091655 0.101035 0.169557 0.236555 0.300157 0.365114 0.000000 0.324483 0.340104 0.320213 0.310438 0.222855 0.269005 0.189596 0.158874 0.178968 0.251587 0.092862 0.064596 0.111935 0.047191 0.011024 0.112072 
0.064827 0.038490 0.078182 0.078182 0.112072 0.058195 0.000000 0.140107 0.233422 0.255272 0.316841 0.322310 0.304667 0.259428 0.239077 0.227404 0.212780 0.226066 0.124609 0.000000 0.133098 0.112807 0.168041 0.180670 0.114754 0.125902 0.038490 0.105240 
0.038490 0.071490 0.105240 0.051594 0.031987 0.148289 0.104970 0.083089 0.273474 0.339095 0.345988 0.358225 0.265958 0.206981 0.284455 0.247088 0.132708 0.105905 0.109723 0.158522 0.150470 0.123344 0.115705 0.062037 0.127889 0.075544 0.153597 0.000000 
0.000000 0.167625 0.091655 0.058195 0.031987 0.180122 0.118746 0.148888 0.305912 0.339179 0.378250 0.318950 0.246854 0.222020 0.184600 0.173781 0.126096 0.193410 0.077773 0.131056 0.123264 0.126421 0.125994 0.034832 0.063338 0.043818 0.098434 0.025519 
0.084904 0.091655 0.031987 0.132725 0.091655 0.000000 0.051308 0.206933 0.344103 0.387633 0.388110 0.427416 0.301380 0.356174 0.331835 0.265990 0.152111 0.125078 0.113684 0.115042 0.141740 0.069847 0.076889 0.055812 0.078182 0.098434 0.118931 0.071490 
0.000000 0.051594 0.084904 0.105240 0.118931 0.040215 0.167723 0.174935 0.000000 0.359043 0.431484 0.418955 0.364481 0.330363 0.345375 0.377829 0.000000 0.215886 0.159170 0.132817 0.075793 0.105278 0.179764 0.089654 0.050696 0.132725 0.098434 0.038490 
0.112072 0.038490 0.091655 0.078182 0.125815 0.041133 0.081987 0.170740 0.274225 0.263359 0.327968 0.369310 0.345230 0.266733 0.354302 0.333346 0.245654 0.300692 0.243915 0.158367 0.063445 0.084006 0.084591 0.151113 0.066127 0.118931 0.084904 0.112072 
0.078182 0.132725 0.064827 0.006325 0.132725 0.106416 0.021805 0.102924 0.309990 0.271828 0.303946 0.319858 0.226515 0.302080 0.322776 0.218497 0.246786 0.335005 0.281625 0.281185 0.185807 0.143575 0.136976 0.148003 0.126970 0.084904 0.153597 0.051594 
0.038490 0.078182 0.098434 0.058195 0.112072 0.032610 0.092822 0.043577 0.000000 0.124194 0.000000 0.227385 0.156635 0.202815 0.222510 0.206507 0.242039 0.252713 0.314869 0.231863 0.164419 0.140220 0.041385 0.082185 0.117174 0.132725 0.112072 0.105240 
0.098434 0.078182 0.000000 0.045026 0.000000 0.058501 0.020475 0.049964 0.090292 0.183360 0.125774 0.070451 0.151360 0.230188 0.145000 0.166317 0.200469 0.237292 0.000000 0.346580 0.109053 0.170785 0.000000 0.070604 0.041279 0.078182 0.153597 0.058195 
0.091655 0.078182 0.146616 0.058195 0.078182 0.109823 0.119670 0.082070 0.079119 0.204576 0.144481 0.101806 0.128192 0.121245 0.140841 0.174397 0.174457 0.239954 0.357765 0.326908 0.221451 0.156016 0.130088 0.000000 0.135611 0.058195 0.112072 0.071490 
0.078182 0.091655 0.139658 0.084904 0.084904 0.076853 0.118198 0.163059 0.217184 0.212131 0.111229 0.097895 0.146842 0.174010 0.147633 0.121891 0.152755 0.363344 0.246433 0.257722 0.247574 0.171516 0.106196 0.096412 0.067416 0.045026 0.091655 0.146616 
0.051594 0.105240 0.091655 0.051594 0.064827 0.067890 0.152575 0.183907 0.208304 0.252606 0.164818 0.124843 0.147308 0.161971 0.143208 0.182603 0.301412 0.253477 0.269541 0.188688 0.181410 0.151997 0.168144 0.091628 0.112072 0.045026 0.091655 0.174672 
0.038490 0.058195 0.012687 0.084904 0.071490 0.082565 0.133842 0.166787 0.333459 0.366701 0.438411 0.233601 0.188516 0.235698 0.367735 0.301066 0.369826 0.423717 0.331377 0.273861 0.180378 0.069753 0.149599 0.112667 0.071490 0.146616 0.000000 0.006325 
0.064827 0.084904 0.084904 0.160600 0.012687 0.088687 0.094079 0.000000 0.254413 0.000000 0.451252 0.454146 0.429502 0.471868 0.000000 0.438236 0.456640 0.350447 0.230117 0.174250 0.132200 0.069893 0.109657 0.000000 0.071490 0.098434 0.064827 0.058195 
0.091655 0.125815 0.084904 0.031987 0.098434 0.092102 0.138717 0.184882 0.141980 0.302052 0.322935 0.412963 0.481352 0.403570 0.429832 0.417123 0.314967 0.199131 0.119092 0.107445 0.089101 0.152079 0.133129 0.078182 0.019085 0.000000 0.146616 0.146616 
0.160600 0.051594 0.071490 0.071490 0.105240 0.085132 0.027601 0.087581 0.088408 0.170996 0.209523 0.279491 0.234963 0.264308 0.270168 0.207845 0.146623 0.115919 0.076602 0.068881 0.137761 0.123760 0.039767 0.112072 0.105240 0.000000 0.091655 0.118931 
0.139658 0.112072 0.118931 0.091655 0.098434 0.091655 0.147571 0.137535 0.071683 0.144739 0.073697 0.113197 0.148036 0.086228 0.112072 0.064827 0.146616 0.132725 0.112072 0.139658 0.112072 0.139658 0.118931 0.025519 0.071490 0.058195 0.105240 0.091655 
0.139658 0.084904 0.038490 0.084904 0.084904 0.000000 0.078182 0.038490 0.118931 0.071490 0.146616 0.098434 0.112072 0.064827 0.112072 0.091655 0.038490 0.125815 0.025519 0.045026 0.045026 0.051594 0.188827 0.098434 0.078182 0.078182 0.125815 0.078182 
0.118931 0.105240 0.012687 0.091655 0.045026 0.105240 0.064827 0.064827 0.045026 0.058195 0.112072 0.084904 0.118931 0.045026 0.051594 0.051594 0.031987 0.091655 0.038490 0.125815 0.031987 0.064827 0.078182 0.000000 0.071490 0.051594 0.091655 0.045026 
