0.078630 0.035400 0.005787 0.104175 0.041454 0.084962 0.110650 0.059863 0.072336 0.041454 0.117159 0.123701 0.041454 0.005787 0.078630 0.072336 0.041454 0.035400 0.097735 0.023422 0.110650 0.143520 0.078630 0.078630 0.097735 0.072336 0.117159 0.011620 
0.011620 0.059863 0.084962 0.059863 0.123701 0.143520 0.035400 0.041454 0.078630 0.104175 0.136882 0.011620 0.000000 0.078630 0.053686 0.084962 0.078630 0.078630 0.084962 0.072336 0.029390 0.047550 0.053686 0.136882 0.047550 0.053686 0.059863 0.117159 
0.091331 0.053686 0.041454 0.041454 0.000000 0.066080 0.091331 0.072336 0.072336 0.066080 0.011620 0.041454 0.091331 0.104175 0.110650 0.117159 0.059863 0.023422 0.053686 0.047550 0.091331 0.041454 0.078630 0.078630 0.041454 0.047550 0.047550 0.047550 
0.029390 0.053686 0.066080 0.059863 0.023422 0.091331 0.035400 0.117159 0.104175 0.066080 0.123701 0.084962 0.017498 0.059863 0.053686 0.041897 0.068554 0.026890 0.047550 0.072336 0.029390 0.117159 0.156886 0.023422 0.035400 0.023422 0.029390 0.053686 
0.029390 0.017498 0.104175 0.053686 0.041454 0.041454 0.047550 0.053686 0.084962 0.111663 0.057661 0.033966 0.082726 0.149985 0.105871 0.184629 0.277469 0.199672 0.186619 0.129836 0.130374 0.103241 0.083672 0.091128 0.098488 0.035400 0.029390 0.017498 
0.104175 0.097735 0.059863 0.035400 0.097735 0.078630 0.104175 0.071833 0.036306 0.177640 0.242202 0.157796 0.238895 0.287718 0.233413 0.273202 0.368534 0.314449 0.267827 0.246580 0.261339 0.297873 0.188146 0.142185 0.161959 0.081348 0.134122 0.117159 
0.084962 0.130276 0.072336 0.097735 0.053686 0.218406 0.085959 0.097060 0.187685 0.205387 0.287386 0.386102 0.359213 0.361428 0.495440 0.371694 0.402256 0.339866 0.399765 0.401571 0.348566 0.316875 0.235086 0.189310 0.224692 0.164172 0.092670 0.097735 
0.156886 0.078630 0.110650 0.023422 0.041454 0.084962 0.144198 0.146249 0.208987 0.273221 0.339961 0.384039 0.427486 0.491862 0.426496 0.427373 0.419565 0.467988 0.413565 0.391230 0.413250 0.280057 0.275795 0.136885 0.081296 0.112807 0.028282 0.059863 
0.104175 0.123701 0.029390 0.041454 0.035400 0.084962 0.103300 0.193991 0.284854 0.360026 0.427772 0.000000 0.386265 0.381982 0.352835 0.342374 0.274853 0.316752 0.229456 0.202541 0.216031 0.277763 0.111072 0.074493 0.114501 0.044986 0.010094 0.104175 
0.059863 0.035400 0.072336 0.072336 0.104175 0.053686 0.000000 0.155712 0.286920 0.320260 0.395298 0.405856 0.369571 0.306334 0.270827 0.259230 0.246038 0.261958 0.176660 0.000000 0.169949 0.124752 0.175641 0.187713 0.125022 0.131681 0.035400 0.097735 
0.035400 0.066080 0.097735 0.047550 0.029390 0.138472 0.102781 0.098543 0.308903 0.418586 0.439759 0.435986 0.316732 0.241948 0.325333 0.303291 0.202125 0.169426 0.144517 0.188291 0.168963 0.130490 0.118650 0.060347 0.122215 0.071115 0.143520 0.000000 
0.000000 0.156886 0.084962 0.053686 0.029390 0.168822 0.113782 0.179061 0.345263 0.418876 0.474591 0.407035 0.324328 0.289002 0.255501 0.244466 0.195908 0.258284 0.134740 0.164350 0.146777 0.135041 0.118274 0.032020 0.058476 0.040334 0.091331 0.023422 
0.078630 0.084962 0.029390 0.123701 0.084962 0.000000 0.049268 0.244060 0.390371 0.469984 0.476235 0.516014 0.381318 0.420812 0.391192 0.317867 0.204959 0.177942 0.161618 0.146271 0.162827 0.094786 0.086724 0.051474 0.072336 0.091331 0.110650 0.066080 
0.000000 0.047550 0.078630 0.097735 0.110650 0.036997 0.158995 0.209759 0.000000 0.445491 0.504131 0.492654 0.442333 0.401314 0.411512 0.428089 0.000000 0.259534 0.205260 0.178865 0.100368 0.128188 0.186340 0.083092 0.046717 0.123701 0.091331 0.035400 
0.104175 0.035400 0.084962 0.072336 0.117159 0.037847 0.077258 0.191547 0.312230 0.333373 0.414792 0.446851 0.411039 0.329551 0.403438 0.354768 0.268564 0.323483 0.265250 0.204521 0.103215 0.108100 0.095950 0.141165 0.061079 0.110650 0.078630 0.104175 
0.072336 0.123701 0.059863 0.005787 0.123701 0.098843 0.020001 0.103081 0.326523 0.305167 0.367816 0.379493 0.266228 0.322941 0.342985 0.237783 0.253895 0.364993 0.309866 0.327636 0.219601 0.164580 0.145490 0.138208 0.118255 0.078630 0.143520 0.047550 
0.035400 0.072336 0.091331 0.053686 0.104175 0.029965 0.086058 0.041038 0.000000 0.136919 0.000000 0.230055 0.166865 0.213517 0.244932 0.233407 0.257551 0.282250 0.359038 0.291626 0.204398 0.161383 0.053572 0.076090 0.108993 0.123701 0.104175 0.097735 
0.091331 0.072336 0.000000 0.041454 0.000000 0.053971 0.018777 0.046035 0.085046 0.177065 0.118131 0.066112 0.144098 0.230519 0.159418 0.192644 0.222113 0.265845 0.000000 0.409265 0.167596 0.192052 0.000000 0.065257 0.037982 0.072336 0.143520 0.053686 
0.084962 0.072336 0.136882 0.053686 0.072336 0.102058 0.111355 0.077039 0.095889 0.221982 0.154713 0.096074 0.119538 0.112837 0.134086 0.191379 0.193043 0.281550 0.406752 0.389105 0.286646 0.177408 0.122687 0.000000 0.126436 0.053686 0.104175 0.066080 
0.072336 0.084962 0.130276 0.078630 0.078630 0.071096 0.109972 0.154911 0.234389 0.243666 0.143755 0.111151 0.142027 0.162981 0.137849 0.124369 0.180718 0.421973 0.303863 0.322561 0.311932 0.172818 0.098929 0.089431 0.062278 0.041454 0.084962 0.136882 
0.047550 0.097735 0.084962 0.047550 0.059863 0.062721 0.144105 0.173504 0.234540 0.308172 0.216120 0.160400 0.165245 0.178731 0.162664 0.224854 0.366685 0.321820 0.334013 0.255327 0.231020 0.148452 0.157669 0.085035 0.104175 0.041454 0.084962 0.163613 
0.035400 0.053686 0.011620 0.078630 0.066080 0.076439 0.141281 0.168992 0.357928 0.422447 0.489839 0.280172 0.212978 0.258683 0.400410 0.369116 0.457368 0.491490 0.394649 0.337128 0.199281 0.065084 0.139945 0.104853 0.066080 0.136882 0.000000 0.005787 
0.059863 0.078630 0.078630 0.150188 0.011620 0.082177 0.090334 0.000000 0.282825 0.000000 0.503605 0.525327 0.492707 0.540502 0.000000 0.522750 0.539725 0.415078 0.293735 0.210477 0.127039 0.064785 0.102166 0.000000 0.066080 0.091331 0.059863 0.053686 
0.084962 0.117159 0.078630 0.029390 0.091331 0.085382 0.129383 0.174019 0.156211 0.323715 0.351261 0.457955 0.541517 0.466993 0.504629 0.491896 0.375582 0.239355 0.138215 0.105937 0.082850 0.142364 0.124299 0.072336 0.017498 0.000000 0.136882 0.136882 
0.150188 0.047550 0.066080 0.066080 0.097735 0.078844 0.025341 0.081140 0.086804 0.184744 0.226259 0.306375 0.271325 0.297328 0.305537 0.243673 0.175262 0.113646 0.071140 0.063865 0.128657 0.115288 0.036603 0.104175 0.097735 0.000000 0.084962 0.110650 
0.130276 0.104175 0.110650 0.084962 0.091331 0.084962 0.137790 0.128261 0.066261 0.135099 0.085464 0.139760 0.181720 0.124504 0.137569 0.087311 0.138706 0.123701 0.104175 0.130276 0.104175 0.130276 0.110650 0.023422 0.066080 0.053686 0.097735 0.084962 
0.130276 0.078630 0.035400 0.078630 0.078630 0.000000 0.072336 0.035400 0.110650 0.066080 0.136882 0.091331 0.110816 0.075832 0.116681 0.087587 0.035400 0.117159 0.023422 0.041454 0.041454 0.047550 0.177153 0.091331 0.072336 0.072336 0.117159 0.072336 
0.110650 0.097735 0.011620 0.084962 0.041454 0.097735 0.059863 0.059863 0.041454 0.053686 0.104175 0.078630 0.110650 0.041454 0.047550 0.047550 0.029390 0.084962 0.035400 0.117159 0.029390 0.059863 0.072336 0.000000 0.066080 0.047550 0.084962 0.041454 
