0.074945 0.033604 0.005476 0.099513 0.039374 0.081026 0.105754 0.056960 0.068907 0.039374 0.112035 0.118353 0.039374 0.005476 0.074945 0.068907 0.039374 0.033604 0.093310 0.022207 0.105754 0.137527 0.074945 0.074945 0.093310 0.068907 0.112035 0.011003 
0.011003 0.056960 0.081026 0.056960 0.118353 0.137527 0.033604 0.039374 0.074945 0.099513 0.131100 0.011003 0.000000 0.074945 0.051053 0.081026 0.074945 0.074945 0.081026 0.068907 0.027882 0.045190 0.051053 0.131100 0.045190 0.051053 0.056960 0.112035 
0.087148 0.051053 0.039374 0.039374 0.000000 0.062911 0.087148 0.068907 0.068907 0.062911 0.011003 0.039374 0.087148 0.099513 0.105754 0.112035 0.056960 0.022207 0.051053 0.045190 0.087148 0.039374 0.074945 0.074945 0.039374 0.045190 0.045190 0.045190 
0.027882 0.051053 0.062911 0.056960 0.022207 0.087148 0.033604 0.112035 0.099513 0.062911 0.118353 0.081026 0.016580 0.056960 0.051053 0.039797 0.065282 0.025503 0.045190 0.068907 0.027882 0.112035 0.150486 0.022207 0.033604 0.022207 0.027882 0.051053 
0.027882 0.016580 0.099513 0.051053 0.039374 0.039374 0.045190 0.051053 0.081026 0.106738 0.054859 0.033256 0.089043 0.163425 0.114866 0.182008 0.268333 0.192160 0.179424 0.124287 0.124815 0.098621 0.079786 0.086953 0.094034 0.033604 0.027882 0.016580 
0.099513 0.093310 0.056960 0.033604 0.093310 0.074945 0.099513 0.068424 0.034467 0.170757 0.233827 0.165219 0.250218 0.313106 0.272740 0.312614 0.397783 0.325488 0.274037 0.247378 0.254255 0.288269 0.180876 0.136238 0.155413 0.077558 0.128431 0.112035 
0.081026 0.124708 0.068907 0.093310 0.051053 0.210381 0.081984 0.092681 0.180891 0.200888 0.286848 0.410496 0.391841 0.400266 0.537192 0.424610 0.458043 0.388642 0.430527 0.415207 0.357243 0.308793 0.228526 0.183617 0.216528 0.157564 0.088439 0.093310 
0.150486 0.074945 0.105754 0.022207 0.039374 0.081026 0.138230 0.143058 0.204638 0.280077 0.351883 0.401162 0.476133 0.539710 0.458773 0.452913 0.467733 0.519581 0.471969 0.442279 0.426694 0.278550 0.274361 0.138040 0.077507 0.107838 0.026828 0.056960 
0.099513 0.118353 0.027882 0.039374 0.033604 0.081026 0.101271 0.204600 0.297540 0.371685 0.439037 0.000000 0.441006 0.427705 0.367163 0.346411 0.301358 0.339703 0.261248 0.235298 0.222292 0.272509 0.108079 0.072507 0.110545 0.042904 0.009557 0.099513 
0.056960 0.033604 0.068907 0.068907 0.099513 0.051053 0.000000 0.170840 0.299600 0.332936 0.418388 0.446398 0.419376 0.334802 0.277333 0.264634 0.251033 0.264466 0.191969 0.000000 0.172996 0.124212 0.172901 0.184651 0.126243 0.133474 0.036802 0.094791 
0.033604 0.062911 0.093310 0.045190 0.027882 0.132640 0.113200 0.115196 0.320950 0.438291 0.479445 0.475622 0.356241 0.272409 0.343633 0.313309 0.211599 0.179754 0.155664 0.197136 0.178970 0.141176 0.129345 0.072424 0.129989 0.080089 0.149803 0.000000 
0.000000 0.150486 0.081026 0.051053 0.027882 0.162076 0.115693 0.193059 0.359715 0.456042 0.519581 0.431843 0.360779 0.307096 0.271106 0.254486 0.201979 0.262935 0.138017 0.164295 0.141264 0.129709 0.113357 0.030623 0.055632 0.038306 0.087148 0.022207 
0.074945 0.081026 0.027882 0.118353 0.081026 0.000000 0.046892 0.249406 0.420530 0.521231 0.518146 0.543788 0.396706 0.418692 0.389408 0.316442 0.207009 0.172903 0.155785 0.140541 0.156432 0.090649 0.082811 0.048939 0.068907 0.087148 0.105754 0.062911 
0.000000 0.045190 0.074945 0.093310 0.105754 0.035125 0.152594 0.213123 0.000000 0.496003 0.542806 0.538208 0.495871 0.437893 0.446409 0.445720 0.000000 0.270756 0.204350 0.172526 0.096023 0.122868 0.179219 0.079229 0.044396 0.118353 0.087148 0.033604 
0.099513 0.033604 0.081026 0.068907 0.112035 0.035936 0.073636 0.192027 0.338670 0.370426 0.460635 0.503919 0.466897 0.367009 0.443763 0.390243 0.293097 0.341717 0.276394 0.201960 0.099057 0.103473 0.091696 0.135247 0.058123 0.105754 0.074945 0.099513 
0.068907 0.118353 0.056960 0.005476 0.118353 0.094377 0.018957 0.098832 0.337591 0.322133 0.394029 0.416288 0.301698 0.345931 0.371455 0.271036 0.294254 0.400346 0.338643 0.340137 0.212024 0.158134 0.139541 0.132383 0.113093 0.074945 0.137527 0.045190 
0.033604 0.068907 0.087148 0.051053 0.099513 0.028429 0.082078 0.038983 0.000000 0.140342 0.000000 0.248919 0.185882 0.238643 0.283775 0.275792 0.300104 0.336320 0.414722 0.322341 0.197213 0.155030 0.051036 0.072508 0.104156 0.118353 0.099513 0.093310 
0.087148 0.068907 0.000000 0.039374 0.000000 0.051647 0.018153 0.043745 0.081114 0.170359 0.137613 0.097063 0.165951 0.243358 0.183540 0.218524 0.257905 0.315299 0.000000 0.451884 0.184328 0.187215 0.000000 0.062123 0.036064 0.068907 0.137527 0.051053 
0.081026 0.068907 0.131100 0.051053 0.068907 0.099885 0.107975 0.073425 0.091664 0.214048 0.152597 0.111246 0.143596 0.125325 0.135875 0.200843 0.219147 0.311846 0.436101 0.421384 0.319074 0.191766 0.117382 0.000000 0.120996 0.051053 0.099513 0.062911 
0.068907 0.081026 0.124708 0.074945 0.080049 0.074892 0.106364 0.148766 0.226533 0.237438 0.143214 0.113837 0.155346 0.174422 0.139541 0.141524 0.200850 0.432481 0.335019 0.354453 0.342349 0.184395 0.094460 0.085321 0.059271 0.039374 0.081026 0.131100 
0.045190 0.093310 0.081026 0.045190 0.064167 0.066618 0.143527 0.173046 0.233755 0.306430 0.216121 0.161509 0.171624 0.194103 0.172611 0.240059 0.385279 0.347342 0.360876 0.287653 0.254376 0.157098 0.151247 0.081096 0.099513 0.039374 0.081026 0.157017 
0.033604 0.051053 0.011003 0.074945 0.068342 0.080010 0.144266 0.170674 0.355233 0.419167 0.484559 0.275821 0.228790 0.281605 0.410206 0.389463 0.497703 0.523484 0.425664 0.361616 0.209520 0.064381 0.134066 0.100166 0.062911 0.131100 0.000000 0.005476 
0.056960 0.074945 0.074945 0.143990 0.011357 0.080761 0.091019 0.000000 0.294851 0.000000 0.518256 0.556761 0.541509 0.573957 0.000000 0.563826 0.576737 0.439991 0.316203 0.224727 0.131481 0.061672 0.097578 0.000000 0.062911 0.087148 0.056960 0.051053 
0.081026 0.112035 0.074945 0.027882 0.087148 0.081429 0.123845 0.183845 0.175480 0.356634 0.394373 0.503430 0.578579 0.506995 0.539618 0.525647 0.402480 0.251198 0.151316 0.119717 0.078998 0.136410 0.118932 0.068907 0.016580 0.000000 0.131100 0.131100 
0.143990 0.045190 0.062911 0.062911 0.093310 0.075150 0.024031 0.077986 0.095080 0.204576 0.241971 0.314711 0.285098 0.305750 0.318457 0.252623 0.188013 0.110767 0.067762 0.060792 0.123144 0.110229 0.034750 0.099513 0.093310 0.000000 0.081026 0.105754 
0.124708 0.099513 0.105754 0.081026 0.087148 0.081026 0.131979 0.122761 0.063085 0.129374 0.081856 0.136915 0.181181 0.126189 0.138586 0.089533 0.133654 0.118353 0.099513 0.124708 0.099513 0.124708 0.105754 0.022207 0.062911 0.051053 0.093310 0.081026 
0.124708 0.074945 0.033604 0.074945 0.074945 0.000000 0.068907 0.033604 0.105754 0.062911 0.131100 0.087148 0.108632 0.078688 0.116667 0.084639 0.033604 0.112035 0.022207 0.039374 0.039374 0.045190 0.170174 0.087148 0.068907 0.068907 0.112035 0.068907 
0.105754 0.093310 0.011003 0.081026 0.039374 0.093310 0.056960 0.056960 0.039374 0.051053 0.099513 0.074945 0.105754 0.039374 0.045190 0.045190 0.027882 0.081026 0.033604 0.112035 0.027882 0.056960 0.068907 0.000000 0.062911 0.045190 0.081026 0.039374 
