0.069024 0.030746 0.004986 0.091982 0.036060 0.074692 0.097838 0.052314 0.063404 0.036060 0.103739 0.109685 0.036060 0.004986 0.069024 0.063404 0.036060 0.030746 0.086172 0.020279 0.097838 0.127782 0.069024 0.069024 0.086172 0.063404 0.103739 0.010029 
0.010029 0.052314 0.074692 0.052314 0.109685 0.127782 0.030746 0.036060 0.069024 0.091982 0.121707 0.010029 0.000000 0.069024 0.046845 0.074692 0.069024 0.069024 0.074692 0.063404 0.025486 0.041426 0.046845 0.121707 0.041426 0.046845 0.052314 0.103739 
0.080409 0.046845 0.036060 0.036060 0.000000 0.057834 0.080409 0.063404 0.063404 0.057834 0.010029 0.036060 0.080409 0.091982 0.097838 0.103739 0.052314 0.020279 0.046845 0.041426 0.080409 0.036060 0.069024 0.069024 0.036060 0.041426 0.041426 0.041426 
0.025486 0.046845 0.057834 0.052314 0.020279 0.080409 0.030746 0.103739 0.091982 0.057834 0.109685 0.074692 0.015126 0.052314 0.046845 0.036450 0.060035 0.023303 0.041426 0.063404 0.025486 0.103739 0.140055 0.020279 0.030746 0.020279 0.025486 0.046845 
0.025486 0.015126 0.091982 0.046845 0.036060 0.036060 0.041426 0.046845 0.074692 0.098761 0.050367 0.030446 0.082373 0.152720 0.106667 0.170138 0.253006 0.179740 0.167578 0.115277 0.115775 0.091146 0.073536 0.080226 0.086850 0.030746 0.025486 0.015126 
0.091982 0.086172 0.052314 0.030746 0.086172 0.069024 0.091982 0.062956 0.031541 0.159319 0.219712 0.154316 0.238247 0.316057 0.284247 0.328002 0.426928 0.348462 0.310154 0.289289 0.289478 0.293636 0.186465 0.146667 0.144730 0.071458 0.119187 0.103739 
0.074692 0.115674 0.063404 0.086172 0.046845 0.197186 0.075587 0.091342 0.179987 0.188971 0.284778 0.428897 0.437875 0.454018 0.589368 0.492392 0.527870 0.458535 0.489088 0.471252 0.420611 0.358239 0.277418 0.235899 0.239473 0.166390 0.097503 0.086172 
0.140055 0.069024 0.097838 0.020279 0.036060 0.074692 0.140354 0.159327 0.219567 0.300720 0.411103 0.473329 0.556593 0.625405 0.550238 0.511180 0.519287 0.567597 0.532574 0.508567 0.489250 0.339814 0.328497 0.195122 0.090480 0.116601 0.033242 0.052314 
0.091982 0.109685 0.025486 0.036060 0.030746 0.089308 0.121797 0.220093 0.304708 0.404592 0.497625 0.000000 0.478972 0.464276 0.410785 0.377406 0.333556 0.377370 0.294239 0.256419 0.241585 0.277073 0.110027 0.069603 0.102344 0.039316 0.008709 0.091982 
0.052314 0.030746 0.063404 0.063404 0.091982 0.064155 0.000000 0.184075 0.295473 0.369071 0.465188 0.471065 0.432217 0.350111 0.296889 0.296798 0.269249 0.268111 0.194787 0.000000 0.163371 0.115430 0.161583 0.172788 0.117528 0.124467 0.033963 0.087689 
0.030746 0.057834 0.086172 0.041426 0.025486 0.128442 0.132608 0.135008 0.363977 0.511180 0.516264 0.487380 0.370337 0.289666 0.355910 0.307720 0.199165 0.168701 0.146112 0.185645 0.168420 0.132498 0.121308 0.067916 0.121737 0.074846 0.140448 0.000000 
0.000000 0.140055 0.074692 0.046845 0.025486 0.151060 0.118169 0.206620 0.413657 0.539787 0.585114 0.484827 0.420241 0.370281 0.318525 0.280526 0.192159 0.248730 0.128863 0.153618 0.131336 0.120411 0.105000 0.028022 0.051084 0.035076 0.080409 0.020279 
0.069024 0.074692 0.025486 0.109685 0.074692 0.000000 0.042998 0.240116 0.434014 0.590056 0.597776 0.597643 0.448685 0.477236 0.451249 0.383021 0.235502 0.167358 0.145087 0.130634 0.145698 0.083684 0.076359 0.044890 0.063404 0.080409 0.097838 0.057834 
0.000000 0.041426 0.069024 0.086172 0.097838 0.032146 0.142054 0.201852 0.000000 0.494605 0.562551 0.563601 0.519255 0.464025 0.483601 0.510218 0.000000 0.291932 0.199801 0.161007 0.088713 0.113940 0.167383 0.073016 0.040693 0.109685 0.080409 0.030746 
0.091982 0.030746 0.074692 0.063404 0.103739 0.032892 0.067805 0.181235 0.326902 0.357839 0.453242 0.508483 0.478740 0.380661 0.472687 0.431618 0.364955 0.409652 0.287513 0.197277 0.091558 0.095698 0.084662 0.125624 0.053392 0.097838 0.069024 0.091982 
0.063404 0.109685 0.052314 0.004986 0.109685 0.087170 0.017301 0.091398 0.324052 0.308629 0.378368 0.401715 0.294405 0.349031 0.380416 0.295676 0.354952 0.471050 0.390338 0.339356 0.198764 0.147315 0.129686 0.122919 0.104734 0.069024 0.127782 0.041426 
0.030746 0.063404 0.080409 0.046845 0.091982 0.025988 0.075675 0.035700 0.000000 0.131205 0.000000 0.235179 0.174154 0.227921 0.283880 0.292244 0.358786 0.415464 0.476972 0.321859 0.184575 0.144367 0.046830 0.066754 0.096337 0.109685 0.091982 0.086172 
0.080409 0.063404 0.000000 0.036060 0.000000 0.048126 0.017588 0.040092 0.079679 0.158957 0.128927 0.091305 0.155805 0.231305 0.184311 0.225572 0.305304 0.409551 0.000000 0.444468 0.172557 0.175034 0.000000 0.057102 0.033011 0.063404 0.127782 0.046845 
0.074692 0.063404 0.121707 0.046845 0.063404 0.097319 0.103342 0.091434 0.131519 0.206948 0.142154 0.104008 0.144399 0.130010 0.139945 0.202215 0.245725 0.389037 0.521441 0.430570 0.302738 0.179593 0.108770 0.000000 0.112175 0.046845 0.091982 0.057834 
0.063404 0.074692 0.115674 0.069024 0.083492 0.082225 0.101390 0.182785 0.273759 0.247291 0.143001 0.119123 0.159461 0.177548 0.143167 0.144538 0.220484 0.485918 0.415144 0.363171 0.325382 0.172473 0.087249 0.078702 0.054456 0.036060 0.074692 0.121707 
0.041426 0.086172 0.074692 0.041426 0.072525 0.074039 0.143489 0.233062 0.300530 0.346835 0.228985 0.164000 0.173686 0.193409 0.168315 0.232603 0.409855 0.396528 0.417707 0.311481 0.239828 0.146409 0.140776 0.074758 0.091982 0.036060 0.074692 0.146252 
0.030746 0.046845 0.010029 0.069024 0.072932 0.087013 0.147608 0.206139 0.432454 0.480137 0.532757 0.289997 0.229698 0.274223 0.399231 0.404935 0.543172 0.586253 0.482480 0.382601 0.196456 0.059211 0.124509 0.092594 0.057834 0.121707 0.000000 0.004986 
0.052314 0.069024 0.069024 0.133898 0.011373 0.079415 0.092248 0.000000 0.331063 0.000000 0.587244 0.621485 0.601785 0.628267 0.000000 0.629600 0.642754 0.498157 0.363737 0.230523 0.122120 0.056684 0.090169 0.000000 0.057834 0.080409 0.052314 0.046845 
0.074692 0.103739 0.069024 0.025486 0.080409 0.075069 0.114860 0.180655 0.188521 0.390789 0.451563 0.578246 0.655095 0.582595 0.611670 0.591300 0.450815 0.289596 0.169715 0.112068 0.072801 0.126725 0.110230 0.063404 0.015126 0.000000 0.121707 0.121707 
0.133898 0.041426 0.057834 0.057834 0.086172 0.069215 0.021952 0.071988 0.090436 0.196520 0.246021 0.340622 0.326345 0.345948 0.355204 0.273020 0.210899 0.122373 0.073173 0.055867 0.114199 0.102042 0.031801 0.091982 0.086172 0.000000 0.074692 0.097838 
0.115674 0.091982 0.097838 0.074692 0.080409 0.074692 0.122537 0.113837 0.057995 0.120077 0.075469 0.127218 0.173610 0.128223 0.146314 0.100142 0.141324 0.120797 0.093648 0.115674 0.091982 0.115674 0.097838 0.020279 0.057834 0.046845 0.086172 0.074692 
0.115674 0.069024 0.030746 0.069024 0.069024 0.000000 0.063404 0.030746 0.097838 0.057834 0.121707 0.080409 0.100554 0.072545 0.108124 0.078071 0.030746 0.103739 0.020279 0.036060 0.036060 0.041426 0.158764 0.080409 0.063404 0.063404 0.103739 0.063404 
0.097838 0.086172 0.010029 0.074692 0.036060 0.086172 0.052314 0.052314 0.036060 0.046845 0.091982 0.069024 0.097838 0.036060 0.041426 0.041426 0.025486 0.074692 0.030746 0.103739 0.025486 0.052314 0.063404 0.000000 0.057834 0.041426 0.074692 0.036060 
