-0.745590
-0.745590
-0.745589
-0.745589
-0.745595
-0.745595
-0.745583
-0.745583
-0.745584
-0.745584
-0.36843
-0.745588
-0.745588
-0.737529
-0.703014
-0.662604
-0.591463
-0.307897
-0.025695
0.253152
0.380831
0.471829
0.539605
0.489291
0.356201
0.144123
-0.091735
-0.388938
-0.664007
-0.719761
-0.737632
-0.745579
-0.745579
-0.726312
-0.708014
-0.657743
-0.557776
-0.385524
-0.192280
0.174735
0.67564636843
-0.745588
-0.745588
-0.737529
-0.703014
-0.662604
-0.591463
-0.307897
-0.025695
0.253152
0.380831
0.471829
0.539605
0.489291
0.356201
0.144123
-0.091735
-0.388938
-0.664007
-0.719761
-0.737632
-0.745579
-0.745579
-0.726312
-0.708014
-0.657743
-0.557776
-0.385524
-0.192280
0.174735
0.675646745587
-0.745587
-0.729862
-0.719344
-0.694522
-0.675371
-0.659881
-0.650767
-0.664166
-0.683667
-0.665174
-0.649321
-0.679899
-0.701079
-0.720026
-0.736843
-0.745588
-0.745588
-0.737529
-0.703014
-0.662604
-0.591463
-0.307897
-0.025695
0.253152
0.380831
0.471829
0.539605
0.489291
0.356201
0.144123
-0.091735
-0.388938
-0.664007
-0.719761
-0.737632
-0.745579
-0.745579
-0.726312
-0.708014
-0.657743
-0.557776
-0.385524
-0.192280
0.174735
0.675646
1.279818
1.818150
2.261741
2.354416
2.327499
2.112341
1.688668
1.261955
0.771196
0.280020
-0.139062
-0.614456
-0.684294
-0.745615
-0.745615
-0.717961
-0.626133
-0.516429
-0.230508
0.062583
0.455058
1.001006
1.673807
2.400258
2.777305
2.996716
3.135137
3.186699
3.037539
2.428265
2.139945
1.650873
1.106131
0.390751
-0.291400
-0.593772
-0.745621
-0.745621
-0.741854
-0.745621
-0.642182
-0.527949
-0.381896
-0.090706
0.284416
0.720158
1.263417
1.813915
2.141270
2.336370
2.410422
2.439037
2.503065
2.590761
2.530304
2.266752
1.958717
1.471178
0.664372
-0.043482
-0.525133
-0.745617
-0.745617
-0.745625
-0.745625
-0.615979
-0.495091
-0.373766
-0.241013
0.007516
0.385811
0.809119
1.098297
1.086858
1.119016
1.063936
1.172475
1.536653
2.024072
2.218859
2.234087
1.867276
1.380947
0.619777
-0.099891
-0.528654
-0.745647
-0.745647
-0.733100
-0.667873
-0.576450
-0.504814
-0.432388
-0.233817
-0.032456
0.169164
0.267525
0.259875
0.225819
0.340655
0.642919
1.386858
2.088852
2.362787
2.074618
1.737183
1.154681
0.340213
-0.215459
-0.608179
-0.745652
-0.745652
-0.737256
-0.680170
-0.626318
-0.639480
-0.600027
-0.524657
-0.398265
-0.252660
-0.190525
-0.150217
0.105787
0.506815
1.214274
2.089329
2.575479
2.589649
2.022528
1.372576
0.581816
-0.034511
-0.456634
-0.637566
-0.745674
-0.745674
-0.734115
-0.700389
-0.712724
-0.671536
-0.638242
-0.559695
-0.410631
-0.091256
0.337142
0.952411
1.705610
2.557687
2.985559
2.893603
2.399969
1.597945
0.795790
0.082385
-0.411472
-0.567890
-0.700588
-0.745695
-0.745695
-0.745703
-0.745703
-0.722683
-0.722683
-0.715367
-0.651839
-0.456932
-0.102021
0.543999
1.391049
2.211188
2.917401
3.306064
3.401736
2.901591
2.167095
1.181009
0.393972
-0.220232
-0.506517
-0.643358
-0.736256
-0.745715
-0.745715
-0.745731
-0.740329
-0.698769
-0.522925
-0.255801
0.198192
1.136307
2.126325
-0.745713
-0.745713
1.984319
2.560339
-0.741286
-0.223490
0.140308
2.494946
-0.048140
-0.447151
-0.745736
-0.745736
1.281491
-0.745739
-0.745739
-0.079304
1.370405
2.176634
0.456825
-0.745746
-0.745746
0.312426
0.575754
1.781324
0.958721
-0.246159
-0.475632
1.947567
-0.434745
-0.582171
-0.745743
-0.745743
-0.745959
-0.126354
0.383334
2.236493
2.569423
2.682082
1.212369
0.615157
-0.745955
-0.745881
-0.745881
-0.739814
-0.702928
-0.725078
-0.745881
-0.745881
-0.745809
-0.745809
-0.745820
-0.745820
-0.745590
-0.745590
-0.745589
-0.745589
-0.745595
-0.745595
-0.745583
-0.745583
-0.745584
-0.745584
-0.745587
-0.745587
-0.729862
-0.719344
-0.694522
-0.675371
-0.659881
-0.650767
-0.664166
-0.683667
-0.665174
-0.649321
-0.679899
-0.701079
-0.720026
-0.736843
-0.745588
-0.745588
-0.737529
-0.703014
-0.662604
-0.591463
-0.307897
-0.025695
0.253152
0.380831
0.471829
0.539605
0.489291
0.356201
0.144123
-0.091735
-0.388938
-0.664007
-0.719761
-0.737632
-0.745579
-0.745579
-0.726312
-0.708014
-0.657743
-0.557776
-0.385524
-0.192280
0.174735
0.675646
1.279818
1.818150
2.261741
2.354416
2.327499
2.112341
1.688668
1.261955
0.771196
0.280020
-0.139062
-0.614456
-0.684294
-0.745615
-0.745615
-0.717961
-0.626133
-0.516429
-0.230508
0.062583
0.455058
1.001006
1.673807
2.400258
2.777305
2.996716
3.135137
3.186699
3.037539
2.428265
2.139945
1.650873
1.106131
0.390751
-0.291400
-0.593772
-0.745621
-0.745621
-0.741854
-0.745621
-0.642182
-0.527949
-0.381896
-0.090706
0.284416
0.720158
1.263417
1.813915
2.141270
2.336370
2.410422
2.439037
2.503065
2.590761
2.530304
2.266752
1.958717
1.471178
0.664372
-0.043482
-0.525133
-0.745617
-0.745617
-0.745625
-0.745625
-0.615979
-0.495091
-0.373766
-0.241013
0.007516
0.385811
0.809119
1.098297
1.086858
1.119016
1.063936
1.172475
1.536653
2.024072
2.218859
2.234087
1.867276
1.380947
0.619777
-0.099891
-0.528654
-0.745647
-0.745647
-0.733100
-0.667873
-0.576450
-0.504814
-0.432388
-0.233817
-0.032456
0.169164
0.267525
0.259875
0.225819
0.340655
0.642919
1.386858
2.088852
2.362787
2.074618
1.737183
1.154681
0.340213
-0.215459
-0.608179
-0.745652
-0.745652
-0.737256
-0.680170
-0.626318
-0.639480
-0.600027
-0.524657
-0.398265
-0.252660
-0.190525
-0.150217
0.105787
0.506815
1.214274
2.089329
2.575479
2.589649
2.022528
1.372576
0.581816
-0.034511
-0.456634
-0.637566
-0.745674
-0.745674
-0.734115
-0.700389
-0.712724
-0.671536
-0.638242
-0.559695
-0.410631
-0.091256
0.337142
0.952411
1.705610
2.557687
2.985559
2.893603
2.399969
1.597945
0.795790
0.082385
-0.411472
-0.567890
-0.700588
-0.745695
-0.745695
-0.745703
-0.745703
0.444395
1.117052
2.560339
2.593301
2.004142
1.047468
1.406475
1.543573
2.494946
-0.068751
0.025256
0.276731
0.739270
1.523702
2.328334
2.512573
1.733406
0.710873
-0.048140
-0.447151
-0.657866
-0.720457
-0.745736
-0.745736
-0.742501
-0.697720
-0.480164
-0.327197
-0.394452
-0.371393
-0.373886
-0.377553
-0.485894
-0.518357
-0.533811
-0.472983
-0.294179
0.327548
1.281491
2.195802
2.569323
1.854030
0.679286
0.052185
-0.343099
-0.621203
-0.720461
-0.745739
-0.745739
-0.611192
-0.310986
-0.019222
-0.079304
-0.124327
-0.252815
-0.419969
-0.457763
-0.505255
-0.542910
-0.483877
-0.150062
0.624129
1.530658
2.242058
2.432722
1.717935
0.595903
0.016884
-0.321215
-0.605804
-0.720442
-0.745720
-0.745720
-0.710418
-0.511523
0.038960
0.502214
0.447933
0.312245
0.128027
-0.135659
-0.220170
-0.301891
-0.215873
0.069752
0.565792
1.370405
2.176634
2.499701
2.182087
1.436365
0.456825
-0.092630
-0.393297
-0.656316
-0.720466
-0.745746
-0.745746
-0.745728
-0.745728
-0.693488
-0.422758
0.208295
0.834400
1.146253
1.076578
1.745782
1.960169
-0.745743
-0.718665
-0.595029
-0.166053
0.401900
1.018011
1.700764
2.304388
2.720137
3.019619
3.122223
3.089392
2.845697
2.479488
1.731633
0.973801
0.431378
-0.214329
-0.442125
-0.581195
-0.668370
-0.734156
-0.745959
-0.745959
-0.741397
-0.666300
-0.431382
-0.126354
0.383334
0.901696
1.607923
2.236493
2.569423
2.682082
2.630403
2.344013
1.828936
1.212369
0.615157
0.047516
-0.325553
-0.497457
-0.603208
-0.659169
-0.715632
-0.741846
-0.745958
-0.745958
-0.745955
-0.745955
-0.685575
-0.564473
-0.441146
-0.304300
-0.059141
0.177765
0.384167
0.574883
0.815299
0.696405
0.510098
0.202423
-0.116205
-0.363243
-0.548524
-0.605610
-0.628423
-0.676768
-0.699957
-0.720268
-0.741769
-0.745881
-0.745881
-0.730446
-0.704082
-0.683480
-0.646839
-0.640293
-0.604341
-0.543396
-0.533587
-0.505791
-0.537320
-0.562540
-0.669498
-0.719682
-0.736830
-0.745881
-0.745881
-0.745813
-0.745813
-0.741702
-0.741702
-0.733395
-0.725012
-0.729207
-0.741702
-0.745813
-0